3
9
1386
886
223
662
171
59
500
771
412
144
882
269
925
1211
284
168
996
801
889
385
677
533
1200
873
515
1256
979
1118
1256
518
777
1228
331
685
848
466
390
1077
1214
845
347
180
41
377
949
94
306
1363
839
951
809
585
1223
1231
1203
652
1265
869
432
392
648
596
735
1266
1111
1030
793
841
733
177
1066
975
912
527
1139
120
736
1245
220
1124
349
283
287
1047
62
534
180
888
472
23
1124
62
589
48
89
66
887
791
1065
229
198
1061
1096
964
542
765
1076
823
805
1284
1281
816
1059
863
745
689
309
888
1086
1401
1009
970
377
1039
357
390
482
813
