0, 1, 1, 4, 4, 9, 9, 16, 16, 25, 25, 36, 36, 49, 49, 64, 64, 81, 81, 100, 100, 121, 121, 144, 144, 169, 169, 196, 196, 225, 225, 256, 256, 289, 289, 324, 324, 361, 361, 400, 400, 441, 441, 484, 484, 529, 529, 576, 576, 625, 625, 676, 676, 729, 729, 784, 784, 841, 841, 900, 900, 961, 961, 1024, 1024, 1089, 1089, 1156, 1156, 1225, 1225, 1296, 1296, 1369, 1369, 1444, 1444, 1521, 1521, 1600, 1600, 1681, 1681, 1764, 1764, 1849, 1849, 1936, 1936, 2025, 2025, 2116, 2116, 2209, 2209, 2304, 2304, 2401, 2401, 2500, 2500, 
0, 0, 1, 4, 4, 9, 9, 16, 16, 25, 25, 36, 36, 49, 49, 64, 64, 81, 81, 100, 100, 121, 121, 144, 144, 169, 169, 196, 196, 225, 225, 256, 256, 289, 289, 324, 324, 361, 361, 400, 400, 441, 441, 484, 484, 529, 529, 576, 576, 625, 625, 676, 676, 729, 729, 784, 784, 841, 841, 900, 900, 961, 961, 1024, 1024, 1089, 1089, 1156, 1156, 1225, 1225, 1296, 1296, 1369, 1369, 1444, 1444, 1521, 1521, 1600, 1600, 1681, 1681, 1764, 1764, 1849, 1849, 1936, 1936, 2025, 2025, 2116, 2116, 2209, 2209, 2304, 2304, 2401, 2401, 2500, 2500, 
0, 0, 0, 5, 5, 10, 10, 17, 17, 26, 26, 37, 37, 50, 50, 65, 65, 82, 82, 101, 101, 122, 122, 145, 145, 170, 170, 197, 197, 226, 226, 257, 257, 290, 290, 325, 325, 362, 362, 401, 401, 442, 442, 485, 485, 530, 530, 577, 577, 626, 626, 677, 677, 730, 730, 785, 785, 842, 842, 901, 901, 962, 962, 1025, 1025, 1090, 1090, 1157, 1157, 1226, 1226, 1297, 1297, 1370, 1370, 1445, 1445, 1522, 1522, 1601, 1601, 1682, 1682, 1765, 1765, 1850, 1850, 1937, 1937, 2026, 2026, 2117, 2117, 2210, 2210, 2305, 2305, 2402, 2402, 2501, 2501, 
0, 0, 0, 0, 3, 8, 8, 15, 15, 24, 24, 35, 35, 48, 48, 63, 63, 80, 80, 99, 99, 120, 120, 143, 143, 168, 168, 195, 195, 224, 224, 255, 255, 288, 288, 323, 323, 360, 360, 399, 399, 440, 440, 483, 483, 528, 528, 575, 575, 624, 624, 675, 675, 728, 728, 783, 783, 840, 840, 899, 899, 960, 960, 1023, 1023, 1088, 1088, 1155, 1155, 1224, 1224, 1295, 1295, 1368, 1368, 1443, 1443, 1520, 1520, 1599, 1599, 1680, 1680, 1763, 1763, 1848, 1848, 1935, 1935, 2024, 2024, 2115, 2115, 2208, 2208, 2303, 2303, 2400, 2400, 2499, 2499, 
0, 0, 0, 0, 0, 9, 9, 16, 16, 25, 25, 36, 36, 49, 49, 64, 64, 81, 81, 100, 100, 121, 121, 144, 144, 169, 169, 196, 196, 225, 225, 256, 256, 289, 289, 324, 324, 361, 361, 400, 400, 441, 441, 484, 484, 529, 529, 576, 576, 625, 625, 676, 676, 729, 729, 784, 784, 841, 841, 900, 900, 961, 961, 1024, 1024, 1089, 1089, 1156, 1156, 1225, 1225, 1296, 1296, 1369, 1369, 1444, 1444, 1521, 1521, 1600, 1600, 1681, 1681, 1764, 1764, 1849, 1849, 1936, 1936, 2025, 2025, 2116, 2116, 2209, 2209, 2304, 2304, 2401, 2401, 2500, 2500, 
0, 0, 0, 0, 0, 0, 5, 12, 12, 21, 21, 32, 32, 45, 45, 60, 60, 77, 77, 96, 96, 117, 117, 140, 140, 165, 165, 192, 192, 221, 221, 252, 252, 285, 285, 320, 320, 357, 357, 396, 396, 437, 437, 480, 480, 525, 525, 572, 572, 621, 621, 672, 672, 725, 725, 780, 780, 837, 837, 896, 896, 957, 957, 1020, 1020, 1085, 1085, 1152, 1152, 1221, 1221, 1292, 1292, 1365, 1365, 1440, 1440, 1517, 1517, 1596, 1596, 1677, 1677, 1760, 1760, 1845, 1845, 1932, 1932, 2021, 2021, 2112, 2112, 2205, 2205, 2300, 2300, 2397, 2397, 2496, 2496, 
0, 0, 0, 0, 0, 0, 0, 13, 13, 22, 22, 33, 33, 46, 46, 61, 61, 78, 78, 97, 97, 118, 118, 141, 141, 166, 166, 193, 193, 222, 222, 253, 253, 286, 286, 321, 321, 358, 358, 397, 397, 438, 438, 481, 481, 526, 526, 573, 573, 622, 622, 673, 673, 726, 726, 781, 781, 838, 838, 897, 897, 958, 958, 1021, 1021, 1086, 1086, 1153, 1153, 1222, 1222, 1293, 1293, 1366, 1366, 1441, 1441, 1518, 1518, 1597, 1597, 1678, 1678, 1761, 1761, 1846, 1846, 1933, 1933, 2022, 2022, 2113, 2113, 2206, 2206, 2301, 2301, 2398, 2398, 2497, 2497, 
0, 0, 0, 0, 0, 0, 0, 0, 7, 16, 16, 27, 27, 40, 40, 55, 55, 72, 72, 91, 91, 112, 112, 135, 135, 160, 160, 187, 187, 216, 216, 247, 247, 280, 280, 315, 315, 352, 352, 391, 391, 432, 432, 475, 475, 520, 520, 567, 567, 616, 616, 667, 667, 720, 720, 775, 775, 832, 832, 891, 891, 952, 952, 1015, 1015, 1080, 1080, 1147, 1147, 1216, 1216, 1287, 1287, 1360, 1360, 1435, 1435, 1512, 1512, 1591, 1591, 1672, 1672, 1755, 1755, 1840, 1840, 1927, 1927, 2016, 2016, 2107, 2107, 2200, 2200, 2295, 2295, 2392, 2392, 2491, 2491, 
0, 0, 0, 0, 0, 0, 0, 0, 0, 17, 17, 28, 28, 41, 41, 56, 56, 73, 73, 92, 92, 113, 113, 136, 136, 161, 161, 188, 188, 217, 217, 248, 248, 281, 281, 316, 316, 353, 353, 392, 392, 433, 433, 476, 476, 521, 521, 568, 568, 617, 617, 668, 668, 721, 721, 776, 776, 833, 833, 892, 892, 953, 953, 1016, 1016, 1081, 1081, 1148, 1148, 1217, 1217, 1288, 1288, 1361, 1361, 1436, 1436, 1513, 1513, 1592, 1592, 1673, 1673, 1756, 1756, 1841, 1841, 1928, 1928, 2017, 2017, 2108, 2108, 2201, 2201, 2296, 2296, 2393, 2393, 2492, 2492, 
0, 0, 0, 0, 0, 0, 0, 0, 0, 0, 9, 20, 20, 33, 33, 48, 48, 65, 65, 84, 84, 105, 105, 128, 128, 153, 153, 180, 180, 209, 209, 240, 240, 273, 273, 308, 308, 345, 345, 384, 384, 425, 425, 468, 468, 513, 513, 560, 560, 609, 609, 660, 660, 713, 713, 768, 768, 825, 825, 884, 884, 945, 945, 1008, 1008, 1073, 1073, 1140, 1140, 1209, 1209, 1280, 1280, 1353, 1353, 1428, 1428, 1505, 1505, 1584, 1584, 1665, 1665, 1748, 1748, 1833, 1833, 1920, 1920, 2009, 2009, 2100, 2100, 2193, 2193, 2288, 2288, 2385, 2385, 2484, 2484, 
0, 0, 0, 0, 0, 0, 0, 0, 0, 0, 0, 21, 21, 34, 34, 49, 49, 66, 66, 85, 85, 106, 106, 129, 129, 154, 154, 181, 181, 210, 210, 241, 241, 274, 274, 309, 309, 346, 346, 385, 385, 426, 426, 469, 469, 514, 514, 561, 561, 610, 610, 661, 661, 714, 714, 769, 769, 826, 826, 885, 885, 946, 946, 1009, 1009, 1074, 1074, 1141, 1141, 1210, 1210, 1281, 1281, 1354, 1354, 1429, 1429, 1506, 1506, 1585, 1585, 1666, 1666, 1749, 1749, 1834, 1834, 1921, 1921, 2010, 2010, 2101, 2101, 2194, 2194, 2289, 2289, 2386, 2386, 2485, 2485, 
0, 0, 0, 0, 0, 0, 0, 0, 0, 0, 0, 0, 11, 24, 24, 39, 39, 56, 56, 75, 75, 96, 96, 119, 119, 144, 144, 171, 171, 200, 200, 231, 231, 264, 264, 299, 299, 336, 336, 375, 375, 416, 416, 459, 459, 504, 504, 551, 551, 600, 600, 651, 651, 704, 704, 759, 759, 816, 816, 875, 875, 936, 936, 999, 999, 1064, 1064, 1131, 1131, 1200, 1200, 1271, 1271, 1344, 1344, 1419, 1419, 1496, 1496, 1575, 1575, 1656, 1656, 1739, 1739, 1824, 1824, 1911, 1911, 2000, 2000, 2091, 2091, 2184, 2184, 2279, 2279, 2376, 2376, 2475, 2475, 
0, 0, 0, 0, 0, 0, 0, 0, 0, 0, 0, 0, 0, 25, 25, 40, 40, 57, 57, 76, 76, 97, 97, 120, 120, 145, 145, 172, 172, 201, 201, 232, 232, 265, 265, 300, 300, 337, 337, 376, 376, 417, 417, 460, 460, 505, 505, 552, 552, 601, 601, 652, 652, 705, 705, 760, 760, 817, 817, 876, 876, 937, 937, 1000, 1000, 1065, 1065, 1132, 1132, 1201, 1201, 1272, 1272, 1345, 1345, 1420, 1420, 1497, 1497, 1576, 1576, 1657, 1657, 1740, 1740, 1825, 1825, 1912, 1912, 2001, 2001, 2092, 2092, 2185, 2185, 2280, 2280, 2377, 2377, 2476, 2476, 
0, 0, 0, 0, 0, 0, 0, 0, 0, 0, 0, 0, 0, 0, 13, 28, 28, 45, 45, 64, 64, 85, 85, 108, 108, 133, 133, 160, 160, 189, 189, 220, 220, 253, 253, 288, 288, 325, 325, 364, 364, 405, 405, 448, 448, 493, 493, 540, 540, 589, 589, 640, 640, 693, 693, 748, 748, 805, 805, 864, 864, 925, 925, 988, 988, 1053, 1053, 1120, 1120, 1189, 1189, 1260, 1260, 1333, 1333, 1408, 1408, 1485, 1485, 1564, 1564, 1645, 1645, 1728, 1728, 1813, 1813, 1900, 1900, 1989, 1989, 2080, 2080, 2173, 2173, 2268, 2268, 2365, 2365, 2464, 2464, 
0, 0, 0, 0, 0, 0, 0, 0, 0, 0, 0, 0, 0, 0, 0, 29, 29, 46, 46, 65, 65, 86, 86, 109, 109, 134, 134, 161, 161, 190, 190, 221, 221, 254, 254, 289, 289, 326, 326, 365, 365, 406, 406, 449, 449, 494, 494, 541, 541, 590, 590, 641, 641, 694, 694, 749, 749, 806, 806, 865, 865, 926, 926, 989, 989, 1054, 1054, 1121, 1121, 1190, 1190, 1261, 1261, 1334, 1334, 1409, 1409, 1486, 1486, 1565, 1565, 1646, 1646, 1729, 1729, 1814, 1814, 1901, 1901, 1990, 1990, 2081, 2081, 2174, 2174, 2269, 2269, 2366, 2366, 2465, 2465, 
0, 0, 0, 0, 0, 0, 0, 0, 0, 0, 0, 0, 0, 0, 0, 0, 15, 32, 32, 51, 51, 72, 72, 95, 95, 120, 120, 147, 147, 176, 176, 207, 207, 240, 240, 275, 275, 312, 312, 351, 351, 392, 392, 435, 435, 480, 480, 527, 527, 576, 576, 627, 627, 680, 680, 735, 735, 792, 792, 851, 851, 912, 912, 975, 975, 1040, 1040, 1107, 1107, 1176, 1176, 1247, 1247, 1320, 1320, 1395, 1395, 1472, 1472, 1551, 1551, 1632, 1632, 1715, 1715, 1800, 1800, 1887, 1887, 1976, 1976, 2067, 2067, 2160, 2160, 2255, 2255, 2352, 2352, 2451, 2451, 
0, 0, 0, 0, 0, 0, 0, 0, 0, 0, 0, 0, 0, 0, 0, 0, 0, 33, 33, 52, 52, 73, 73, 96, 96, 121, 121, 148, 148, 177, 177, 208, 208, 241, 241, 276, 276, 313, 313, 352, 352, 393, 393, 436, 436, 481, 481, 528, 528, 577, 577, 628, 628, 681, 681, 736, 736, 793, 793, 852, 852, 913, 913, 976, 976, 1041, 1041, 1108, 1108, 1177, 1177, 1248, 1248, 1321, 1321, 1396, 1396, 1473, 1473, 1552, 1552, 1633, 1633, 1716, 1716, 1801, 1801, 1888, 1888, 1977, 1977, 2068, 2068, 2161, 2161, 2256, 2256, 2353, 2353, 2452, 2452, 
0, 0, 0, 0, 0, 0, 0, 0, 0, 0, 0, 0, 0, 0, 0, 0, 0, 0, 17, 36, 36, 57, 57, 80, 80, 105, 105, 132, 132, 161, 161, 192, 192, 225, 225, 260, 260, 297, 297, 336, 336, 377, 377, 420, 420, 465, 465, 512, 512, 561, 561, 612, 612, 665, 665, 720, 720, 777, 777, 836, 836, 897, 897, 960, 960, 1025, 1025, 1092, 1092, 1161, 1161, 1232, 1232, 1305, 1305, 1380, 1380, 1457, 1457, 1536, 1536, 1617, 1617, 1700, 1700, 1785, 1785, 1872, 1872, 1961, 1961, 2052, 2052, 2145, 2145, 2240, 2240, 2337, 2337, 2436, 2436, 
0, 0, 0, 0, 0, 0, 0, 0, 0, 0, 0, 0, 0, 0, 0, 0, 0, 0, 0, 37, 37, 58, 58, 81, 81, 106, 106, 133, 133, 162, 162, 193, 193, 226, 226, 261, 261, 298, 298, 337, 337, 378, 378, 421, 421, 466, 466, 513, 513, 562, 562, 613, 613, 666, 666, 721, 721, 778, 778, 837, 837, 898, 898, 961, 961, 1026, 1026, 1093, 1093, 1162, 1162, 1233, 1233, 1306, 1306, 1381, 1381, 1458, 1458, 1537, 1537, 1618, 1618, 1701, 1701, 1786, 1786, 1873, 1873, 1962, 1962, 2053, 2053, 2146, 2146, 2241, 2241, 2338, 2338, 2437, 2437, 
0, 0, 0, 0, 0, 0, 0, 0, 0, 0, 0, 0, 0, 0, 0, 0, 0, 0, 0, 0, 19, 40, 40, 63, 63, 88, 88, 115, 115, 144, 144, 175, 175, 208, 208, 243, 243, 280, 280, 319, 319, 360, 360, 403, 403, 448, 448, 495, 495, 544, 544, 595, 595, 648, 648, 703, 703, 760, 760, 819, 819, 880, 880, 943, 943, 1008, 1008, 1075, 1075, 1144, 1144, 1215, 1215, 1288, 1288, 1363, 1363, 1440, 1440, 1519, 1519, 1600, 1600, 1683, 1683, 1768, 1768, 1855, 1855, 1944, 1944, 2035, 2035, 2128, 2128, 2223, 2223, 2320, 2320, 2419, 2419, 
0, 0, 0, 0, 0, 0, 0, 0, 0, 0, 0, 0, 0, 0, 0, 0, 0, 0, 0, 0, 0, 41, 41, 64, 64, 89, 89, 116, 116, 145, 145, 176, 176, 209, 209, 244, 244, 281, 281, 320, 320, 361, 361, 404, 404, 449, 449, 496, 496, 545, 545, 596, 596, 649, 649, 704, 704, 761, 761, 820, 820, 881, 881, 944, 944, 1009, 1009, 1076, 1076, 1145, 1145, 1216, 1216, 1289, 1289, 1364, 1364, 1441, 1441, 1520, 1520, 1601, 1601, 1684, 1684, 1769, 1769, 1856, 1856, 1945, 1945, 2036, 2036, 2129, 2129, 2224, 2224, 2321, 2321, 2420, 2420, 
0, 0, 0, 0, 0, 0, 0, 0, 0, 0, 0, 0, 0, 0, 0, 0, 0, 0, 0, 0, 0, 0, 21, 44, 44, 69, 69, 96, 96, 125, 125, 156, 156, 189, 189, 224, 224, 261, 261, 300, 300, 341, 341, 384, 384, 429, 429, 476, 476, 525, 525, 576, 576, 629, 629, 684, 684, 741, 741, 800, 800, 861, 861, 924, 924, 989, 989, 1056, 1056, 1125, 1125, 1196, 1196, 1269, 1269, 1344, 1344, 1421, 1421, 1500, 1500, 1581, 1581, 1664, 1664, 1749, 1749, 1836, 1836, 1925, 1925, 2016, 2016, 2109, 2109, 2204, 2204, 2301, 2301, 2400, 2400, 
0, 0, 0, 0, 0, 0, 0, 0, 0, 0, 0, 0, 0, 0, 0, 0, 0, 0, 0, 0, 0, 0, 0, 45, 45, 70, 70, 97, 97, 126, 126, 157, 157, 190, 190, 225, 225, 262, 262, 301, 301, 342, 342, 385, 385, 430, 430, 477, 477, 526, 526, 577, 577, 630, 630, 685, 685, 742, 742, 801, 801, 862, 862, 925, 925, 990, 990, 1057, 1057, 1126, 1126, 1197, 1197, 1270, 1270, 1345, 1345, 1422, 1422, 1501, 1501, 1582, 1582, 1665, 1665, 1750, 1750, 1837, 1837, 1926, 1926, 2017, 2017, 2110, 2110, 2205, 2205, 2302, 2302, 2401, 2401, 
0, 0, 0, 0, 0, 0, 0, 0, 0, 0, 0, 0, 0, 0, 0, 0, 0, 0, 0, 0, 0, 0, 0, 0, 23, 48, 48, 75, 75, 104, 104, 135, 135, 168, 168, 203, 203, 240, 240, 279, 279, 320, 320, 363, 363, 408, 408, 455, 455, 504, 504, 555, 555, 608, 608, 663, 663, 720, 720, 779, 779, 840, 840, 903, 903, 968, 968, 1035, 1035, 1104, 1104, 1175, 1175, 1248, 1248, 1323, 1323, 1400, 1400, 1479, 1479, 1560, 1560, 1643, 1643, 1728, 1728, 1815, 1815, 1904, 1904, 1995, 1995, 2088, 2088, 2183, 2183, 2280, 2280, 2379, 2379, 
0, 0, 0, 0, 0, 0, 0, 0, 0, 0, 0, 0, 0, 0, 0, 0, 0, 0, 0, 0, 0, 0, 0, 0, 0, 49, 49, 76, 76, 105, 105, 136, 136, 169, 169, 204, 204, 241, 241, 280, 280, 321, 321, 364, 364, 409, 409, 456, 456, 505, 505, 556, 556, 609, 609, 664, 664, 721, 721, 780, 780, 841, 841, 904, 904, 969, 969, 1036, 1036, 1105, 1105, 1176, 1176, 1249, 1249, 1324, 1324, 1401, 1401, 1480, 1480, 1561, 1561, 1644, 1644, 1729, 1729, 1816, 1816, 1905, 1905, 1996, 1996, 2089, 2089, 2184, 2184, 2281, 2281, 2380, 2380, 
0, 0, 0, 0, 0, 0, 0, 0, 0, 0, 0, 0, 0, 0, 0, 0, 0, 0, 0, 0, 0, 0, 0, 0, 0, 0, 25, 52, 52, 81, 81, 112, 112, 145, 145, 180, 180, 217, 217, 256, 256, 297, 297, 340, 340, 385, 385, 432, 432, 481, 481, 532, 532, 585, 585, 640, 640, 697, 697, 756, 756, 817, 817, 880, 880, 945, 945, 1012, 1012, 1081, 1081, 1152, 1152, 1225, 1225, 1300, 1300, 1377, 1377, 1456, 1456, 1537, 1537, 1620, 1620, 1705, 1705, 1792, 1792, 1881, 1881, 1972, 1972, 2065, 2065, 2160, 2160, 2257, 2257, 2356, 2356, 
0, 0, 0, 0, 0, 0, 0, 0, 0, 0, 0, 0, 0, 0, 0, 0, 0, 0, 0, 0, 0, 0, 0, 0, 0, 0, 0, 53, 53, 82, 82, 113, 113, 146, 146, 181, 181, 218, 218, 257, 257, 298, 298, 341, 341, 386, 386, 433, 433, 482, 482, 533, 533, 586, 586, 641, 641, 698, 698, 757, 757, 818, 818, 881, 881, 946, 946, 1013, 1013, 1082, 1082, 1153, 1153, 1226, 1226, 1301, 1301, 1378, 1378, 1457, 1457, 1538, 1538, 1621, 1621, 1706, 1706, 1793, 1793, 1882, 1882, 1973, 1973, 2066, 2066, 2161, 2161, 2258, 2258, 2357, 2357, 
0, 0, 0, 0, 0, 0, 0, 0, 0, 0, 0, 0, 0, 0, 0, 0, 0, 0, 0, 0, 0, 0, 0, 0, 0, 0, 0, 0, 27, 56, 56, 87, 87, 120, 120, 155, 155, 192, 192, 231, 231, 272, 272, 315, 315, 360, 360, 407, 407, 456, 456, 507, 507, 560, 560, 615, 615, 672, 672, 731, 731, 792, 792, 855, 855, 920, 920, 987, 987, 1056, 1056, 1127, 1127, 1200, 1200, 1275, 1275, 1352, 1352, 1431, 1431, 1512, 1512, 1595, 1595, 1680, 1680, 1767, 1767, 1856, 1856, 1947, 1947, 2040, 2040, 2135, 2135, 2232, 2232, 2331, 2331, 
0, 0, 0, 0, 0, 0, 0, 0, 0, 0, 0, 0, 0, 0, 0, 0, 0, 0, 0, 0, 0, 0, 0, 0, 0, 0, 0, 0, 0, 57, 57, 88, 88, 121, 121, 156, 156, 193, 193, 232, 232, 273, 273, 316, 316, 361, 361, 408, 408, 457, 457, 508, 508, 561, 561, 616, 616, 673, 673, 732, 732, 793, 793, 856, 856, 921, 921, 988, 988, 1057, 1057, 1128, 1128, 1201, 1201, 1276, 1276, 1353, 1353, 1432, 1432, 1513, 1513, 1596, 1596, 1681, 1681, 1768, 1768, 1857, 1857, 1948, 1948, 2041, 2041, 2136, 2136, 2233, 2233, 2332, 2332, 
0, 0, 0, 0, 0, 0, 0, 0, 0, 0, 0, 0, 0, 0, 0, 0, 0, 0, 0, 0, 0, 0, 0, 0, 0, 0, 0, 0, 0, 0, 29, 60, 60, 93, 93, 128, 128, 165, 165, 204, 204, 245, 245, 288, 288, 333, 333, 380, 380, 429, 429, 480, 480, 533, 533, 588, 588, 645, 645, 704, 704, 765, 765, 828, 828, 893, 893, 960, 960, 1029, 1029, 1100, 1100, 1173, 1173, 1248, 1248, 1325, 1325, 1404, 1404, 1485, 1485, 1568, 1568, 1653, 1653, 1740, 1740, 1829, 1829, 1920, 1920, 2013, 2013, 2108, 2108, 2205, 2205, 2304, 2304, 
0, 0, 0, 0, 0, 0, 0, 0, 0, 0, 0, 0, 0, 0, 0, 0, 0, 0, 0, 0, 0, 0, 0, 0, 0, 0, 0, 0, 0, 0, 0, 61, 61, 94, 94, 129, 129, 166, 166, 205, 205, 246, 246, 289, 289, 334, 334, 381, 381, 430, 430, 481, 481, 534, 534, 589, 589, 646, 646, 705, 705, 766, 766, 829, 829, 894, 894, 961, 961, 1030, 1030, 1101, 1101, 1174, 1174, 1249, 1249, 1326, 1326, 1405, 1405, 1486, 1486, 1569, 1569, 1654, 1654, 1741, 1741, 1830, 1830, 1921, 1921, 2014, 2014, 2109, 2109, 2206, 2206, 2305, 2305, 
0, 0, 0, 0, 0, 0, 0, 0, 0, 0, 0, 0, 0, 0, 0, 0, 0, 0, 0, 0, 0, 0, 0, 0, 0, 0, 0, 0, 0, 0, 0, 0, 31, 64, 64, 99, 99, 136, 136, 175, 175, 216, 216, 259, 259, 304, 304, 351, 351, 400, 400, 451, 451, 504, 504, 559, 559, 616, 616, 675, 675, 736, 736, 799, 799, 864, 864, 931, 931, 1000, 1000, 1071, 1071, 1144, 1144, 1219, 1219, 1296, 1296, 1375, 1375, 1456, 1456, 1539, 1539, 1624, 1624, 1711, 1711, 1800, 1800, 1891, 1891, 1984, 1984, 2079, 2079, 2176, 2176, 2275, 2275, 
0, 0, 0, 0, 0, 0, 0, 0, 0, 0, 0, 0, 0, 0, 0, 0, 0, 0, 0, 0, 0, 0, 0, 0, 0, 0, 0, 0, 0, 0, 0, 0, 0, 65, 65, 100, 100, 137, 137, 176, 176, 217, 217, 260, 260, 305, 305, 352, 352, 401, 401, 452, 452, 505, 505, 560, 560, 617, 617, 676, 676, 737, 737, 800, 800, 865, 865, 932, 932, 1001, 1001, 1072, 1072, 1145, 1145, 1220, 1220, 1297, 1297, 1376, 1376, 1457, 1457, 1540, 1540, 1625, 1625, 1712, 1712, 1801, 1801, 1892, 1892, 1985, 1985, 2080, 2080, 2177, 2177, 2276, 2276, 
0, 0, 0, 0, 0, 0, 0, 0, 0, 0, 0, 0, 0, 0, 0, 0, 0, 0, 0, 0, 0, 0, 0, 0, 0, 0, 0, 0, 0, 0, 0, 0, 0, 0, 33, 68, 68, 105, 105, 144, 144, 185, 185, 228, 228, 273, 273, 320, 320, 369, 369, 420, 420, 473, 473, 528, 528, 585, 585, 644, 644, 705, 705, 768, 768, 833, 833, 900, 900, 969, 969, 1040, 1040, 1113, 1113, 1188, 1188, 1265, 1265, 1344, 1344, 1425, 1425, 1508, 1508, 1593, 1593, 1680, 1680, 1769, 1769, 1860, 1860, 1953, 1953, 2048, 2048, 2145, 2145, 2244, 2244, 
0, 0, 0, 0, 0, 0, 0, 0, 0, 0, 0, 0, 0, 0, 0, 0, 0, 0, 0, 0, 0, 0, 0, 0, 0, 0, 0, 0, 0, 0, 0, 0, 0, 0, 0, 69, 69, 106, 106, 145, 145, 186, 186, 229, 229, 274, 274, 321, 321, 370, 370, 421, 421, 474, 474, 529, 529, 586, 586, 645, 645, 706, 706, 769, 769, 834, 834, 901, 901, 970, 970, 1041, 1041, 1114, 1114, 1189, 1189, 1266, 1266, 1345, 1345, 1426, 1426, 1509, 1509, 1594, 1594, 1681, 1681, 1770, 1770, 1861, 1861, 1954, 1954, 2049, 2049, 2146, 2146, 2245, 2245, 
0, 0, 0, 0, 0, 0, 0, 0, 0, 0, 0, 0, 0, 0, 0, 0, 0, 0, 0, 0, 0, 0, 0, 0, 0, 0, 0, 0, 0, 0, 0, 0, 0, 0, 0, 0, 35, 72, 72, 111, 111, 152, 152, 195, 195, 240, 240, 287, 287, 336, 336, 387, 387, 440, 440, 495, 495, 552, 552, 611, 611, 672, 672, 735, 735, 800, 800, 867, 867, 936, 936, 1007, 1007, 1080, 1080, 1155, 1155, 1232, 1232, 1311, 1311, 1392, 1392, 1475, 1475, 1560, 1560, 1647, 1647, 1736, 1736, 1827, 1827, 1920, 1920, 2015, 2015, 2112, 2112, 2211, 2211, 
0, 0, 0, 0, 0, 0, 0, 0, 0, 0, 0, 0, 0, 0, 0, 0, 0, 0, 0, 0, 0, 0, 0, 0, 0, 0, 0, 0, 0, 0, 0, 0, 0, 0, 0, 0, 0, 73, 73, 112, 112, 153, 153, 196, 196, 241, 241, 288, 288, 337, 337, 388, 388, 441, 441, 496, 496, 553, 553, 612, 612, 673, 673, 736, 736, 801, 801, 868, 868, 937, 937, 1008, 1008, 1081, 1081, 1156, 1156, 1233, 1233, 1312, 1312, 1393, 1393, 1476, 1476, 1561, 1561, 1648, 1648, 1737, 1737, 1828, 1828, 1921, 1921, 2016, 2016, 2113, 2113, 2212, 2212, 
0, 0, 0, 0, 0, 0, 0, 0, 0, 0, 0, 0, 0, 0, 0, 0, 0, 0, 0, 0, 0, 0, 0, 0, 0, 0, 0, 0, 0, 0, 0, 0, 0, 0, 0, 0, 0, 0, 37, 76, 76, 117, 117, 160, 160, 205, 205, 252, 252, 301, 301, 352, 352, 405, 405, 460, 460, 517, 517, 576, 576, 637, 637, 700, 700, 765, 765, 832, 832, 901, 901, 972, 972, 1045, 1045, 1120, 1120, 1197, 1197, 1276, 1276, 1357, 1357, 1440, 1440, 1525, 1525, 1612, 1612, 1701, 1701, 1792, 1792, 1885, 1885, 1980, 1980, 2077, 2077, 2176, 2176, 
0, 0, 0, 0, 0, 0, 0, 0, 0, 0, 0, 0, 0, 0, 0, 0, 0, 0, 0, 0, 0, 0, 0, 0, 0, 0, 0, 0, 0, 0, 0, 0, 0, 0, 0, 0, 0, 0, 0, 77, 77, 118, 118, 161, 161, 206, 206, 253, 253, 302, 302, 353, 353, 406, 406, 461, 461, 518, 518, 577, 577, 638, 638, 701, 701, 766, 766, 833, 833, 902, 902, 973, 973, 1046, 1046, 1121, 1121, 1198, 1198, 1277, 1277, 1358, 1358, 1441, 1441, 1526, 1526, 1613, 1613, 1702, 1702, 1793, 1793, 1886, 1886, 1981, 1981, 2078, 2078, 2177, 2177, 
0, 0, 0, 0, 0, 0, 0, 0, 0, 0, 0, 0, 0, 0, 0, 0, 0, 0, 0, 0, 0, 0, 0, 0, 0, 0, 0, 0, 0, 0, 0, 0, 0, 0, 0, 0, 0, 0, 0, 0, 39, 80, 80, 123, 123, 168, 168, 215, 215, 264, 264, 315, 315, 368, 368, 423, 423, 480, 480, 539, 539, 600, 600, 663, 663, 728, 728, 795, 795, 864, 864, 935, 935, 1008, 1008, 1083, 1083, 1160, 1160, 1239, 1239, 1320, 1320, 1403, 1403, 1488, 1488, 1575, 1575, 1664, 1664, 1755, 1755, 1848, 1848, 1943, 1943, 2040, 2040, 2139, 2139, 
0, 0, 0, 0, 0, 0, 0, 0, 0, 0, 0, 0, 0, 0, 0, 0, 0, 0, 0, 0, 0, 0, 0, 0, 0, 0, 0, 0, 0, 0, 0, 0, 0, 0, 0, 0, 0, 0, 0, 0, 0, 81, 81, 124, 124, 169, 169, 216, 216, 265, 265, 316, 316, 369, 369, 424, 424, 481, 481, 540, 540, 601, 601, 664, 664, 729, 729, 796, 796, 865, 865, 936, 936, 1009, 1009, 1084, 1084, 1161, 1161, 1240, 1240, 1321, 1321, 1404, 1404, 1489, 1489, 1576, 1576, 1665, 1665, 1756, 1756, 1849, 1849, 1944, 1944, 2041, 2041, 2140, 2140, 
0, 0, 0, 0, 0, 0, 0, 0, 0, 0, 0, 0, 0, 0, 0, 0, 0, 0, 0, 0, 0, 0, 0, 0, 0, 0, 0, 0, 0, 0, 0, 0, 0, 0, 0, 0, 0, 0, 0, 0, 0, 0, 41, 84, 84, 129, 129, 176, 176, 225, 225, 276, 276, 329, 329, 384, 384, 441, 441, 500, 500, 561, 561, 624, 624, 689, 689, 756, 756, 825, 825, 896, 896, 969, 969, 1044, 1044, 1121, 1121, 1200, 1200, 1281, 1281, 1364, 1364, 1449, 1449, 1536, 1536, 1625, 1625, 1716, 1716, 1809, 1809, 1904, 1904, 2001, 2001, 2100, 2100, 
0, 0, 0, 0, 0, 0, 0, 0, 0, 0, 0, 0, 0, 0, 0, 0, 0, 0, 0, 0, 0, 0, 0, 0, 0, 0, 0, 0, 0, 0, 0, 0, 0, 0, 0, 0, 0, 0, 0, 0, 0, 0, 0, 85, 85, 130, 130, 177, 177, 226, 226, 277, 277, 330, 330, 385, 385, 442, 442, 501, 501, 562, 562, 625, 625, 690, 690, 757, 757, 826, 826, 897, 897, 970, 970, 1045, 1045, 1122, 1122, 1201, 1201, 1282, 1282, 1365, 1365, 1450, 1450, 1537, 1537, 1626, 1626, 1717, 1717, 1810, 1810, 1905, 1905, 2002, 2002, 2101, 2101, 
0, 0, 0, 0, 0, 0, 0, 0, 0, 0, 0, 0, 0, 0, 0, 0, 0, 0, 0, 0, 0, 0, 0, 0, 0, 0, 0, 0, 0, 0, 0, 0, 0, 0, 0, 0, 0, 0, 0, 0, 0, 0, 0, 0, 43, 88, 88, 135, 135, 184, 184, 235, 235, 288, 288, 343, 343, 400, 400, 459, 459, 520, 520, 583, 583, 648, 648, 715, 715, 784, 784, 855, 855, 928, 928, 1003, 1003, 1080, 1080, 1159, 1159, 1240, 1240, 1323, 1323, 1408, 1408, 1495, 1495, 1584, 1584, 1675, 1675, 1768, 1768, 1863, 1863, 1960, 1960, 2059, 2059, 
0, 0, 0, 0, 0, 0, 0, 0, 0, 0, 0, 0, 0, 0, 0, 0, 0, 0, 0, 0, 0, 0, 0, 0, 0, 0, 0, 0, 0, 0, 0, 0, 0, 0, 0, 0, 0, 0, 0, 0, 0, 0, 0, 0, 0, 89, 89, 136, 136, 185, 185, 236, 236, 289, 289, 344, 344, 401, 401, 460, 460, 521, 521, 584, 584, 649, 649, 716, 716, 785, 785, 856, 856, 929, 929, 1004, 1004, 1081, 1081, 1160, 1160, 1241, 1241, 1324, 1324, 1409, 1409, 1496, 1496, 1585, 1585, 1676, 1676, 1769, 1769, 1864, 1864, 1961, 1961, 2060, 2060, 
0, 0, 0, 0, 0, 0, 0, 0, 0, 0, 0, 0, 0, 0, 0, 0, 0, 0, 0, 0, 0, 0, 0, 0, 0, 0, 0, 0, 0, 0, 0, 0, 0, 0, 0, 0, 0, 0, 0, 0, 0, 0, 0, 0, 0, 0, 45, 92, 92, 141, 141, 192, 192, 245, 245, 300, 300, 357, 357, 416, 416, 477, 477, 540, 540, 605, 605, 672, 672, 741, 741, 812, 812, 885, 885, 960, 960, 1037, 1037, 1116, 1116, 1197, 1197, 1280, 1280, 1365, 1365, 1452, 1452, 1541, 1541, 1632, 1632, 1725, 1725, 1820, 1820, 1917, 1917, 2016, 2016, 
0, 0, 0, 0, 0, 0, 0, 0, 0, 0, 0, 0, 0, 0, 0, 0, 0, 0, 0, 0, 0, 0, 0, 0, 0, 0, 0, 0, 0, 0, 0, 0, 0, 0, 0, 0, 0, 0, 0, 0, 0, 0, 0, 0, 0, 0, 0, 93, 93, 142, 142, 193, 193, 246, 246, 301, 301, 358, 358, 417, 417, 478, 478, 541, 541, 606, 606, 673, 673, 742, 742, 813, 813, 886, 886, 961, 961, 1038, 1038, 1117, 1117, 1198, 1198, 1281, 1281, 1366, 1366, 1453, 1453, 1542, 1542, 1633, 1633, 1726, 1726, 1821, 1821, 1918, 1918, 2017, 2017, 
0, 0, 0, 0, 0, 0, 0, 0, 0, 0, 0, 0, 0, 0, 0, 0, 0, 0, 0, 0, 0, 0, 0, 0, 0, 0, 0, 0, 0, 0, 0, 0, 0, 0, 0, 0, 0, 0, 0, 0, 0, 0, 0, 0, 0, 0, 0, 0, 47, 96, 96, 147, 147, 200, 200, 255, 255, 312, 312, 371, 371, 432, 432, 495, 495, 560, 560, 627, 627, 696, 696, 767, 767, 840, 840, 915, 915, 992, 992, 1071, 1071, 1152, 1152, 1235, 1235, 1320, 1320, 1407, 1407, 1496, 1496, 1587, 1587, 1680, 1680, 1775, 1775, 1872, 1872, 1971, 1971, 
0, 0, 0, 0, 0, 0, 0, 0, 0, 0, 0, 0, 0, 0, 0, 0, 0, 0, 0, 0, 0, 0, 0, 0, 0, 0, 0, 0, 0, 0, 0, 0, 0, 0, 0, 0, 0, 0, 0, 0, 0, 0, 0, 0, 0, 0, 0, 0, 0, 97, 97, 148, 148, 201, 201, 256, 256, 313, 313, 372, 372, 433, 433, 496, 496, 561, 561, 628, 628, 697, 697, 768, 768, 841, 841, 916, 916, 993, 993, 1072, 1072, 1153, 1153, 1236, 1236, 1321, 1321, 1408, 1408, 1497, 1497, 1588, 1588, 1681, 1681, 1776, 1776, 1873, 1873, 1972, 1972, 
0, 0, 0, 0, 0, 0, 0, 0, 0, 0, 0, 0, 0, 0, 0, 0, 0, 0, 0, 0, 0, 0, 0, 0, 0, 0, 0, 0, 0, 0, 0, 0, 0, 0, 0, 0, 0, 0, 0, 0, 0, 0, 0, 0, 0, 0, 0, 0, 0, 0, 49, 100, 100, 153, 153, 208, 208, 265, 265, 324, 324, 385, 385, 448, 448, 513, 513, 580, 580, 649, 649, 720, 720, 793, 793, 868, 868, 945, 945, 1024, 1024, 1105, 1105, 1188, 1188, 1273, 1273, 1360, 1360, 1449, 1449, 1540, 1540, 1633, 1633, 1728, 1728, 1825, 1825, 1924, 1924, 
0, 0, 0, 0, 0, 0, 0, 0, 0, 0, 0, 0, 0, 0, 0, 0, 0, 0, 0, 0, 0, 0, 0, 0, 0, 0, 0, 0, 0, 0, 0, 0, 0, 0, 0, 0, 0, 0, 0, 0, 0, 0, 0, 0, 0, 0, 0, 0, 0, 0, 0, 101, 101, 154, 154, 209, 209, 266, 266, 325, 325, 386, 386, 449, 449, 514, 514, 581, 581, 650, 650, 721, 721, 794, 794, 869, 869, 946, 946, 1025, 1025, 1106, 1106, 1189, 1189, 1274, 1274, 1361, 1361, 1450, 1450, 1541, 1541, 1634, 1634, 1729, 1729, 1826, 1826, 1925, 1925, 
0, 0, 0, 0, 0, 0, 0, 0, 0, 0, 0, 0, 0, 0, 0, 0, 0, 0, 0, 0, 0, 0, 0, 0, 0, 0, 0, 0, 0, 0, 0, 0, 0, 0, 0, 0, 0, 0, 0, 0, 0, 0, 0, 0, 0, 0, 0, 0, 0, 0, 0, 0, 51, 104, 104, 159, 159, 216, 216, 275, 275, 336, 336, 399, 399, 464, 464, 531, 531, 600, 600, 671, 671, 744, 744, 819, 819, 896, 896, 975, 975, 1056, 1056, 1139, 1139, 1224, 1224, 1311, 1311, 1400, 1400, 1491, 1491, 1584, 1584, 1679, 1679, 1776, 1776, 1875, 1875, 
0, 0, 0, 0, 0, 0, 0, 0, 0, 0, 0, 0, 0, 0, 0, 0, 0, 0, 0, 0, 0, 0, 0, 0, 0, 0, 0, 0, 0, 0, 0, 0, 0, 0, 0, 0, 0, 0, 0, 0, 0, 0, 0, 0, 0, 0, 0, 0, 0, 0, 0, 0, 0, 105, 105, 160, 160, 217, 217, 276, 276, 337, 337, 400, 400, 465, 465, 532, 532, 601, 601, 672, 672, 745, 745, 820, 820, 897, 897, 976, 976, 1057, 1057, 1140, 1140, 1225, 1225, 1312, 1312, 1401, 1401, 1492, 1492, 1585, 1585, 1680, 1680, 1777, 1777, 1876, 1876, 
0, 0, 0, 0, 0, 0, 0, 0, 0, 0, 0, 0, 0, 0, 0, 0, 0, 0, 0, 0, 0, 0, 0, 0, 0, 0, 0, 0, 0, 0, 0, 0, 0, 0, 0, 0, 0, 0, 0, 0, 0, 0, 0, 0, 0, 0, 0, 0, 0, 0, 0, 0, 0, 0, 53, 108, 108, 165, 165, 224, 224, 285, 285, 348, 348, 413, 413, 480, 480, 549, 549, 620, 620, 693, 693, 768, 768, 845, 845, 924, 924, 1005, 1005, 1088, 1088, 1173, 1173, 1260, 1260, 1349, 1349, 1440, 1440, 1533, 1533, 1628, 1628, 1725, 1725, 1824, 1824, 
0, 0, 0, 0, 0, 0, 0, 0, 0, 0, 0, 0, 0, 0, 0, 0, 0, 0, 0, 0, 0, 0, 0, 0, 0, 0, 0, 0, 0, 0, 0, 0, 0, 0, 0, 0, 0, 0, 0, 0, 0, 0, 0, 0, 0, 0, 0, 0, 0, 0, 0, 0, 0, 0, 0, 109, 109, 166, 166, 225, 225, 286, 286, 349, 349, 414, 414, 481, 481, 550, 550, 621, 621, 694, 694, 769, 769, 846, 846, 925, 925, 1006, 1006, 1089, 1089, 1174, 1174, 1261, 1261, 1350, 1350, 1441, 1441, 1534, 1534, 1629, 1629, 1726, 1726, 1825, 1825, 
0, 0, 0, 0, 0, 0, 0, 0, 0, 0, 0, 0, 0, 0, 0, 0, 0, 0, 0, 0, 0, 0, 0, 0, 0, 0, 0, 0, 0, 0, 0, 0, 0, 0, 0, 0, 0, 0, 0, 0, 0, 0, 0, 0, 0, 0, 0, 0, 0, 0, 0, 0, 0, 0, 0, 0, 55, 112, 112, 171, 171, 232, 232, 295, 295, 360, 360, 427, 427, 496, 496, 567, 567, 640, 640, 715, 715, 792, 792, 871, 871, 952, 952, 1035, 1035, 1120, 1120, 1207, 1207, 1296, 1296, 1387, 1387, 1480, 1480, 1575, 1575, 1672, 1672, 1771, 1771, 
0, 0, 0, 0, 0, 0, 0, 0, 0, 0, 0, 0, 0, 0, 0, 0, 0, 0, 0, 0, 0, 0, 0, 0, 0, 0, 0, 0, 0, 0, 0, 0, 0, 0, 0, 0, 0, 0, 0, 0, 0, 0, 0, 0, 0, 0, 0, 0, 0, 0, 0, 0, 0, 0, 0, 0, 0, 113, 113, 172, 172, 233, 233, 296, 296, 361, 361, 428, 428, 497, 497, 568, 568, 641, 641, 716, 716, 793, 793, 872, 872, 953, 953, 1036, 1036, 1121, 1121, 1208, 1208, 1297, 1297, 1388, 1388, 1481, 1481, 1576, 1576, 1673, 1673, 1772, 1772, 
0, 0, 0, 0, 0, 0, 0, 0, 0, 0, 0, 0, 0, 0, 0, 0, 0, 0, 0, 0, 0, 0, 0, 0, 0, 0, 0, 0, 0, 0, 0, 0, 0, 0, 0, 0, 0, 0, 0, 0, 0, 0, 0, 0, 0, 0, 0, 0, 0, 0, 0, 0, 0, 0, 0, 0, 0, 0, 57, 116, 116, 177, 177, 240, 240, 305, 305, 372, 372, 441, 441, 512, 512, 585, 585, 660, 660, 737, 737, 816, 816, 897, 897, 980, 980, 1065, 1065, 1152, 1152, 1241, 1241, 1332, 1332, 1425, 1425, 1520, 1520, 1617, 1617, 1716, 1716, 
0, 0, 0, 0, 0, 0, 0, 0, 0, 0, 0, 0, 0, 0, 0, 0, 0, 0, 0, 0, 0, 0, 0, 0, 0, 0, 0, 0, 0, 0, 0, 0, 0, 0, 0, 0, 0, 0, 0, 0, 0, 0, 0, 0, 0, 0, 0, 0, 0, 0, 0, 0, 0, 0, 0, 0, 0, 0, 0, 117, 117, 178, 178, 241, 241, 306, 306, 373, 373, 442, 442, 513, 513, 586, 586, 661, 661, 738, 738, 817, 817, 898, 898, 981, 981, 1066, 1066, 1153, 1153, 1242, 1242, 1333, 1333, 1426, 1426, 1521, 1521, 1618, 1618, 1717, 1717, 
0, 0, 0, 0, 0, 0, 0, 0, 0, 0, 0, 0, 0, 0, 0, 0, 0, 0, 0, 0, 0, 0, 0, 0, 0, 0, 0, 0, 0, 0, 0, 0, 0, 0, 0, 0, 0, 0, 0, 0, 0, 0, 0, 0, 0, 0, 0, 0, 0, 0, 0, 0, 0, 0, 0, 0, 0, 0, 0, 0, 59, 120, 120, 183, 183, 248, 248, 315, 315, 384, 384, 455, 455, 528, 528, 603, 603, 680, 680, 759, 759, 840, 840, 923, 923, 1008, 1008, 1095, 1095, 1184, 1184, 1275, 1275, 1368, 1368, 1463, 1463, 1560, 1560, 1659, 1659, 
0, 0, 0, 0, 0, 0, 0, 0, 0, 0, 0, 0, 0, 0, 0, 0, 0, 0, 0, 0, 0, 0, 0, 0, 0, 0, 0, 0, 0, 0, 0, 0, 0, 0, 0, 0, 0, 0, 0, 0, 0, 0, 0, 0, 0, 0, 0, 0, 0, 0, 0, 0, 0, 0, 0, 0, 0, 0, 0, 0, 0, 121, 121, 184, 184, 249, 249, 316, 316, 385, 385, 456, 456, 529, 529, 604, 604, 681, 681, 760, 760, 841, 841, 924, 924, 1009, 1009, 1096, 1096, 1185, 1185, 1276, 1276, 1369, 1369, 1464, 1464, 1561, 1561, 1660, 1660, 
0, 0, 0, 0, 0, 0, 0, 0, 0, 0, 0, 0, 0, 0, 0, 0, 0, 0, 0, 0, 0, 0, 0, 0, 0, 0, 0, 0, 0, 0, 0, 0, 0, 0, 0, 0, 0, 0, 0, 0, 0, 0, 0, 0, 0, 0, 0, 0, 0, 0, 0, 0, 0, 0, 0, 0, 0, 0, 0, 0, 0, 0, 61, 124, 124, 189, 189, 256, 256, 325, 325, 396, 396, 469, 469, 544, 544, 621, 621, 700, 700, 781, 781, 864, 864, 949, 949, 1036, 1036, 1125, 1125, 1216, 1216, 1309, 1309, 1404, 1404, 1501, 1501, 1600, 1600, 
0, 0, 0, 0, 0, 0, 0, 0, 0, 0, 0, 0, 0, 0, 0, 0, 0, 0, 0, 0, 0, 0, 0, 0, 0, 0, 0, 0, 0, 0, 0, 0, 0, 0, 0, 0, 0, 0, 0, 0, 0, 0, 0, 0, 0, 0, 0, 0, 0, 0, 0, 0, 0, 0, 0, 0, 0, 0, 0, 0, 0, 0, 0, 125, 125, 190, 190, 257, 257, 326, 326, 397, 397, 470, 470, 545, 545, 622, 622, 701, 701, 782, 782, 865, 865, 950, 950, 1037, 1037, 1126, 1126, 1217, 1217, 1310, 1310, 1405, 1405, 1502, 1502, 1601, 1601, 
0, 0, 0, 0, 0, 0, 0, 0, 0, 0, 0, 0, 0, 0, 0, 0, 0, 0, 0, 0, 0, 0, 0, 0, 0, 0, 0, 0, 0, 0, 0, 0, 0, 0, 0, 0, 0, 0, 0, 0, 0, 0, 0, 0, 0, 0, 0, 0, 0, 0, 0, 0, 0, 0, 0, 0, 0, 0, 0, 0, 0, 0, 0, 0, 63, 128, 128, 195, 195, 264, 264, 335, 335, 408, 408, 483, 483, 560, 560, 639, 639, 720, 720, 803, 803, 888, 888, 975, 975, 1064, 1064, 1155, 1155, 1248, 1248, 1343, 1343, 1440, 1440, 1539, 1539, 
0, 0, 0, 0, 0, 0, 0, 0, 0, 0, 0, 0, 0, 0, 0, 0, 0, 0, 0, 0, 0, 0, 0, 0, 0, 0, 0, 0, 0, 0, 0, 0, 0, 0, 0, 0, 0, 0, 0, 0, 0, 0, 0, 0, 0, 0, 0, 0, 0, 0, 0, 0, 0, 0, 0, 0, 0, 0, 0, 0, 0, 0, 0, 0, 0, 129, 129, 196, 196, 265, 265, 336, 336, 409, 409, 484, 484, 561, 561, 640, 640, 721, 721, 804, 804, 889, 889, 976, 976, 1065, 1065, 1156, 1156, 1249, 1249, 1344, 1344, 1441, 1441, 1540, 1540, 
0, 0, 0, 0, 0, 0, 0, 0, 0, 0, 0, 0, 0, 0, 0, 0, 0, 0, 0, 0, 0, 0, 0, 0, 0, 0, 0, 0, 0, 0, 0, 0, 0, 0, 0, 0, 0, 0, 0, 0, 0, 0, 0, 0, 0, 0, 0, 0, 0, 0, 0, 0, 0, 0, 0, 0, 0, 0, 0, 0, 0, 0, 0, 0, 0, 0, 65, 132, 132, 201, 201, 272, 272, 345, 345, 420, 420, 497, 497, 576, 576, 657, 657, 740, 740, 825, 825, 912, 912, 1001, 1001, 1092, 1092, 1185, 1185, 1280, 1280, 1377, 1377, 1476, 1476, 
0, 0, 0, 0, 0, 0, 0, 0, 0, 0, 0, 0, 0, 0, 0, 0, 0, 0, 0, 0, 0, 0, 0, 0, 0, 0, 0, 0, 0, 0, 0, 0, 0, 0, 0, 0, 0, 0, 0, 0, 0, 0, 0, 0, 0, 0, 0, 0, 0, 0, 0, 0, 0, 0, 0, 0, 0, 0, 0, 0, 0, 0, 0, 0, 0, 0, 0, 133, 133, 202, 202, 273, 273, 346, 346, 421, 421, 498, 498, 577, 577, 658, 658, 741, 741, 826, 826, 913, 913, 1002, 1002, 1093, 1093, 1186, 1186, 1281, 1281, 1378, 1378, 1477, 1477, 
0, 0, 0, 0, 0, 0, 0, 0, 0, 0, 0, 0, 0, 0, 0, 0, 0, 0, 0, 0, 0, 0, 0, 0, 0, 0, 0, 0, 0, 0, 0, 0, 0, 0, 0, 0, 0, 0, 0, 0, 0, 0, 0, 0, 0, 0, 0, 0, 0, 0, 0, 0, 0, 0, 0, 0, 0, 0, 0, 0, 0, 0, 0, 0, 0, 0, 0, 0, 67, 136, 136, 207, 207, 280, 280, 355, 355, 432, 432, 511, 511, 592, 592, 675, 675, 760, 760, 847, 847, 936, 936, 1027, 1027, 1120, 1120, 1215, 1215, 1312, 1312, 1411, 1411, 
0, 0, 0, 0, 0, 0, 0, 0, 0, 0, 0, 0, 0, 0, 0, 0, 0, 0, 0, 0, 0, 0, 0, 0, 0, 0, 0, 0, 0, 0, 0, 0, 0, 0, 0, 0, 0, 0, 0, 0, 0, 0, 0, 0, 0, 0, 0, 0, 0, 0, 0, 0, 0, 0, 0, 0, 0, 0, 0, 0, 0, 0, 0, 0, 0, 0, 0, 0, 0, 137, 137, 208, 208, 281, 281, 356, 356, 433, 433, 512, 512, 593, 593, 676, 676, 761, 761, 848, 848, 937, 937, 1028, 1028, 1121, 1121, 1216, 1216, 1313, 1313, 1412, 1412, 
0, 0, 0, 0, 0, 0, 0, 0, 0, 0, 0, 0, 0, 0, 0, 0, 0, 0, 0, 0, 0, 0, 0, 0, 0, 0, 0, 0, 0, 0, 0, 0, 0, 0, 0, 0, 0, 0, 0, 0, 0, 0, 0, 0, 0, 0, 0, 0, 0, 0, 0, 0, 0, 0, 0, 0, 0, 0, 0, 0, 0, 0, 0, 0, 0, 0, 0, 0, 0, 0, 69, 140, 140, 213, 213, 288, 288, 365, 365, 444, 444, 525, 525, 608, 608, 693, 693, 780, 780, 869, 869, 960, 960, 1053, 1053, 1148, 1148, 1245, 1245, 1344, 1344, 
0, 0, 0, 0, 0, 0, 0, 0, 0, 0, 0, 0, 0, 0, 0, 0, 0, 0, 0, 0, 0, 0, 0, 0, 0, 0, 0, 0, 0, 0, 0, 0, 0, 0, 0, 0, 0, 0, 0, 0, 0, 0, 0, 0, 0, 0, 0, 0, 0, 0, 0, 0, 0, 0, 0, 0, 0, 0, 0, 0, 0, 0, 0, 0, 0, 0, 0, 0, 0, 0, 0, 141, 141, 214, 214, 289, 289, 366, 366, 445, 445, 526, 526, 609, 609, 694, 694, 781, 781, 870, 870, 961, 961, 1054, 1054, 1149, 1149, 1246, 1246, 1345, 1345, 
0, 0, 0, 0, 0, 0, 0, 0, 0, 0, 0, 0, 0, 0, 0, 0, 0, 0, 0, 0, 0, 0, 0, 0, 0, 0, 0, 0, 0, 0, 0, 0, 0, 0, 0, 0, 0, 0, 0, 0, 0, 0, 0, 0, 0, 0, 0, 0, 0, 0, 0, 0, 0, 0, 0, 0, 0, 0, 0, 0, 0, 0, 0, 0, 0, 0, 0, 0, 0, 0, 0, 0, 71, 144, 144, 219, 219, 296, 296, 375, 375, 456, 456, 539, 539, 624, 624, 711, 711, 800, 800, 891, 891, 984, 984, 1079, 1079, 1176, 1176, 1275, 1275, 
0, 0, 0, 0, 0, 0, 0, 0, 0, 0, 0, 0, 0, 0, 0, 0, 0, 0, 0, 0, 0, 0, 0, 0, 0, 0, 0, 0, 0, 0, 0, 0, 0, 0, 0, 0, 0, 0, 0, 0, 0, 0, 0, 0, 0, 0, 0, 0, 0, 0, 0, 0, 0, 0, 0, 0, 0, 0, 0, 0, 0, 0, 0, 0, 0, 0, 0, 0, 0, 0, 0, 0, 0, 145, 145, 220, 220, 297, 297, 376, 376, 457, 457, 540, 540, 625, 625, 712, 712, 801, 801, 892, 892, 985, 985, 1080, 1080, 1177, 1177, 1276, 1276, 
0, 0, 0, 0, 0, 0, 0, 0, 0, 0, 0, 0, 0, 0, 0, 0, 0, 0, 0, 0, 0, 0, 0, 0, 0, 0, 0, 0, 0, 0, 0, 0, 0, 0, 0, 0, 0, 0, 0, 0, 0, 0, 0, 0, 0, 0, 0, 0, 0, 0, 0, 0, 0, 0, 0, 0, 0, 0, 0, 0, 0, 0, 0, 0, 0, 0, 0, 0, 0, 0, 0, 0, 0, 0, 73, 148, 148, 225, 225, 304, 304, 385, 385, 468, 468, 553, 553, 640, 640, 729, 729, 820, 820, 913, 913, 1008, 1008, 1105, 1105, 1204, 1204, 
0, 0, 0, 0, 0, 0, 0, 0, 0, 0, 0, 0, 0, 0, 0, 0, 0, 0, 0, 0, 0, 0, 0, 0, 0, 0, 0, 0, 0, 0, 0, 0, 0, 0, 0, 0, 0, 0, 0, 0, 0, 0, 0, 0, 0, 0, 0, 0, 0, 0, 0, 0, 0, 0, 0, 0, 0, 0, 0, 0, 0, 0, 0, 0, 0, 0, 0, 0, 0, 0, 0, 0, 0, 0, 0, 149, 149, 226, 226, 305, 305, 386, 386, 469, 469, 554, 554, 641, 641, 730, 730, 821, 821, 914, 914, 1009, 1009, 1106, 1106, 1205, 1205, 
0, 0, 0, 0, 0, 0, 0, 0, 0, 0, 0, 0, 0, 0, 0, 0, 0, 0, 0, 0, 0, 0, 0, 0, 0, 0, 0, 0, 0, 0, 0, 0, 0, 0, 0, 0, 0, 0, 0, 0, 0, 0, 0, 0, 0, 0, 0, 0, 0, 0, 0, 0, 0, 0, 0, 0, 0, 0, 0, 0, 0, 0, 0, 0, 0, 0, 0, 0, 0, 0, 0, 0, 0, 0, 0, 0, 75, 152, 152, 231, 231, 312, 312, 395, 395, 480, 480, 567, 567, 656, 656, 747, 747, 840, 840, 935, 935, 1032, 1032, 1131, 1131, 
0, 0, 0, 0, 0, 0, 0, 0, 0, 0, 0, 0, 0, 0, 0, 0, 0, 0, 0, 0, 0, 0, 0, 0, 0, 0, 0, 0, 0, 0, 0, 0, 0, 0, 0, 0, 0, 0, 0, 0, 0, 0, 0, 0, 0, 0, 0, 0, 0, 0, 0, 0, 0, 0, 0, 0, 0, 0, 0, 0, 0, 0, 0, 0, 0, 0, 0, 0, 0, 0, 0, 0, 0, 0, 0, 0, 0, 153, 153, 232, 232, 313, 313, 396, 396, 481, 481, 568, 568, 657, 657, 748, 748, 841, 841, 936, 936, 1033, 1033, 1132, 1132, 
0, 0, 0, 0, 0, 0, 0, 0, 0, 0, 0, 0, 0, 0, 0, 0, 0, 0, 0, 0, 0, 0, 0, 0, 0, 0, 0, 0, 0, 0, 0, 0, 0, 0, 0, 0, 0, 0, 0, 0, 0, 0, 0, 0, 0, 0, 0, 0, 0, 0, 0, 0, 0, 0, 0, 0, 0, 0, 0, 0, 0, 0, 0, 0, 0, 0, 0, 0, 0, 0, 0, 0, 0, 0, 0, 0, 0, 0, 77, 156, 156, 237, 237, 320, 320, 405, 405, 492, 492, 581, 581, 672, 672, 765, 765, 860, 860, 957, 957, 1056, 1056, 
0, 0, 0, 0, 0, 0, 0, 0, 0, 0, 0, 0, 0, 0, 0, 0, 0, 0, 0, 0, 0, 0, 0, 0, 0, 0, 0, 0, 0, 0, 0, 0, 0, 0, 0, 0, 0, 0, 0, 0, 0, 0, 0, 0, 0, 0, 0, 0, 0, 0, 0, 0, 0, 0, 0, 0, 0, 0, 0, 0, 0, 0, 0, 0, 0, 0, 0, 0, 0, 0, 0, 0, 0, 0, 0, 0, 0, 0, 0, 157, 157, 238, 238, 321, 321, 406, 406, 493, 493, 582, 582, 673, 673, 766, 766, 861, 861, 958, 958, 1057, 1057, 
0, 0, 0, 0, 0, 0, 0, 0, 0, 0, 0, 0, 0, 0, 0, 0, 0, 0, 0, 0, 0, 0, 0, 0, 0, 0, 0, 0, 0, 0, 0, 0, 0, 0, 0, 0, 0, 0, 0, 0, 0, 0, 0, 0, 0, 0, 0, 0, 0, 0, 0, 0, 0, 0, 0, 0, 0, 0, 0, 0, 0, 0, 0, 0, 0, 0, 0, 0, 0, 0, 0, 0, 0, 0, 0, 0, 0, 0, 0, 0, 79, 160, 160, 243, 243, 328, 328, 415, 415, 504, 504, 595, 595, 688, 688, 783, 783, 880, 880, 979, 979, 
0, 0, 0, 0, 0, 0, 0, 0, 0, 0, 0, 0, 0, 0, 0, 0, 0, 0, 0, 0, 0, 0, 0, 0, 0, 0, 0, 0, 0, 0, 0, 0, 0, 0, 0, 0, 0, 0, 0, 0, 0, 0, 0, 0, 0, 0, 0, 0, 0, 0, 0, 0, 0, 0, 0, 0, 0, 0, 0, 0, 0, 0, 0, 0, 0, 0, 0, 0, 0, 0, 0, 0, 0, 0, 0, 0, 0, 0, 0, 0, 0, 161, 161, 244, 244, 329, 329, 416, 416, 505, 505, 596, 596, 689, 689, 784, 784, 881, 881, 980, 980, 
0, 0, 0, 0, 0, 0, 0, 0, 0, 0, 0, 0, 0, 0, 0, 0, 0, 0, 0, 0, 0, 0, 0, 0, 0, 0, 0, 0, 0, 0, 0, 0, 0, 0, 0, 0, 0, 0, 0, 0, 0, 0, 0, 0, 0, 0, 0, 0, 0, 0, 0, 0, 0, 0, 0, 0, 0, 0, 0, 0, 0, 0, 0, 0, 0, 0, 0, 0, 0, 0, 0, 0, 0, 0, 0, 0, 0, 0, 0, 0, 0, 0, 81, 164, 164, 249, 249, 336, 336, 425, 425, 516, 516, 609, 609, 704, 704, 801, 801, 900, 900, 
0, 0, 0, 0, 0, 0, 0, 0, 0, 0, 0, 0, 0, 0, 0, 0, 0, 0, 0, 0, 0, 0, 0, 0, 0, 0, 0, 0, 0, 0, 0, 0, 0, 0, 0, 0, 0, 0, 0, 0, 0, 0, 0, 0, 0, 0, 0, 0, 0, 0, 0, 0, 0, 0, 0, 0, 0, 0, 0, 0, 0, 0, 0, 0, 0, 0, 0, 0, 0, 0, 0, 0, 0, 0, 0, 0, 0, 0, 0, 0, 0, 0, 0, 165, 165, 250, 250, 337, 337, 426, 426, 517, 517, 610, 610, 705, 705, 802, 802, 901, 901, 
0, 0, 0, 0, 0, 0, 0, 0, 0, 0, 0, 0, 0, 0, 0, 0, 0, 0, 0, 0, 0, 0, 0, 0, 0, 0, 0, 0, 0, 0, 0, 0, 0, 0, 0, 0, 0, 0, 0, 0, 0, 0, 0, 0, 0, 0, 0, 0, 0, 0, 0, 0, 0, 0, 0, 0, 0, 0, 0, 0, 0, 0, 0, 0, 0, 0, 0, 0, 0, 0, 0, 0, 0, 0, 0, 0, 0, 0, 0, 0, 0, 0, 0, 0, 83, 168, 168, 255, 255, 344, 344, 435, 435, 528, 528, 623, 623, 720, 720, 819, 819, 
0, 0, 0, 0, 0, 0, 0, 0, 0, 0, 0, 0, 0, 0, 0, 0, 0, 0, 0, 0, 0, 0, 0, 0, 0, 0, 0, 0, 0, 0, 0, 0, 0, 0, 0, 0, 0, 0, 0, 0, 0, 0, 0, 0, 0, 0, 0, 0, 0, 0, 0, 0, 0, 0, 0, 0, 0, 0, 0, 0, 0, 0, 0, 0, 0, 0, 0, 0, 0, 0, 0, 0, 0, 0, 0, 0, 0, 0, 0, 0, 0, 0, 0, 0, 0, 169, 169, 256, 256, 345, 345, 436, 436, 529, 529, 624, 624, 721, 721, 820, 820, 
0, 0, 0, 0, 0, 0, 0, 0, 0, 0, 0, 0, 0, 0, 0, 0, 0, 0, 0, 0, 0, 0, 0, 0, 0, 0, 0, 0, 0, 0, 0, 0, 0, 0, 0, 0, 0, 0, 0, 0, 0, 0, 0, 0, 0, 0, 0, 0, 0, 0, 0, 0, 0, 0, 0, 0, 0, 0, 0, 0, 0, 0, 0, 0, 0, 0, 0, 0, 0, 0, 0, 0, 0, 0, 0, 0, 0, 0, 0, 0, 0, 0, 0, 0, 0, 0, 85, 172, 172, 261, 261, 352, 352, 445, 445, 540, 540, 637, 637, 736, 736, 
0, 0, 0, 0, 0, 0, 0, 0, 0, 0, 0, 0, 0, 0, 0, 0, 0, 0, 0, 0, 0, 0, 0, 0, 0, 0, 0, 0, 0, 0, 0, 0, 0, 0, 0, 0, 0, 0, 0, 0, 0, 0, 0, 0, 0, 0, 0, 0, 0, 0, 0, 0, 0, 0, 0, 0, 0, 0, 0, 0, 0, 0, 0, 0, 0, 0, 0, 0, 0, 0, 0, 0, 0, 0, 0, 0, 0, 0, 0, 0, 0, 0, 0, 0, 0, 0, 0, 173, 173, 262, 262, 353, 353, 446, 446, 541, 541, 638, 638, 737, 737, 
0, 0, 0, 0, 0, 0, 0, 0, 0, 0, 0, 0, 0, 0, 0, 0, 0, 0, 0, 0, 0, 0, 0, 0, 0, 0, 0, 0, 0, 0, 0, 0, 0, 0, 0, 0, 0, 0, 0, 0, 0, 0, 0, 0, 0, 0, 0, 0, 0, 0, 0, 0, 0, 0, 0, 0, 0, 0, 0, 0, 0, 0, 0, 0, 0, 0, 0, 0, 0, 0, 0, 0, 0, 0, 0, 0, 0, 0, 0, 0, 0, 0, 0, 0, 0, 0, 0, 0, 87, 176, 176, 267, 267, 360, 360, 455, 455, 552, 552, 651, 651, 
0, 0, 0, 0, 0, 0, 0, 0, 0, 0, 0, 0, 0, 0, 0, 0, 0, 0, 0, 0, 0, 0, 0, 0, 0, 0, 0, 0, 0, 0, 0, 0, 0, 0, 0, 0, 0, 0, 0, 0, 0, 0, 0, 0, 0, 0, 0, 0, 0, 0, 0, 0, 0, 0, 0, 0, 0, 0, 0, 0, 0, 0, 0, 0, 0, 0, 0, 0, 0, 0, 0, 0, 0, 0, 0, 0, 0, 0, 0, 0, 0, 0, 0, 0, 0, 0, 0, 0, 0, 177, 177, 268, 268, 361, 361, 456, 456, 553, 553, 652, 652, 
0, 0, 0, 0, 0, 0, 0, 0, 0, 0, 0, 0, 0, 0, 0, 0, 0, 0, 0, 0, 0, 0, 0, 0, 0, 0, 0, 0, 0, 0, 0, 0, 0, 0, 0, 0, 0, 0, 0, 0, 0, 0, 0, 0, 0, 0, 0, 0, 0, 0, 0, 0, 0, 0, 0, 0, 0, 0, 0, 0, 0, 0, 0, 0, 0, 0, 0, 0, 0, 0, 0, 0, 0, 0, 0, 0, 0, 0, 0, 0, 0, 0, 0, 0, 0, 0, 0, 0, 0, 0, 89, 180, 180, 273, 273, 368, 368, 465, 465, 564, 564, 
0, 0, 0, 0, 0, 0, 0, 0, 0, 0, 0, 0, 0, 0, 0, 0, 0, 0, 0, 0, 0, 0, 0, 0, 0, 0, 0, 0, 0, 0, 0, 0, 0, 0, 0, 0, 0, 0, 0, 0, 0, 0, 0, 0, 0, 0, 0, 0, 0, 0, 0, 0, 0, 0, 0, 0, 0, 0, 0, 0, 0, 0, 0, 0, 0, 0, 0, 0, 0, 0, 0, 0, 0, 0, 0, 0, 0, 0, 0, 0, 0, 0, 0, 0, 0, 0, 0, 0, 0, 0, 0, 181, 181, 274, 274, 369, 369, 466, 466, 565, 565, 
0, 0, 0, 0, 0, 0, 0, 0, 0, 0, 0, 0, 0, 0, 0, 0, 0, 0, 0, 0, 0, 0, 0, 0, 0, 0, 0, 0, 0, 0, 0, 0, 0, 0, 0, 0, 0, 0, 0, 0, 0, 0, 0, 0, 0, 0, 0, 0, 0, 0, 0, 0, 0, 0, 0, 0, 0, 0, 0, 0, 0, 0, 0, 0, 0, 0, 0, 0, 0, 0, 0, 0, 0, 0, 0, 0, 0, 0, 0, 0, 0, 0, 0, 0, 0, 0, 0, 0, 0, 0, 0, 0, 91, 184, 184, 279, 279, 376, 376, 475, 475, 
0, 0, 0, 0, 0, 0, 0, 0, 0, 0, 0, 0, 0, 0, 0, 0, 0, 0, 0, 0, 0, 0, 0, 0, 0, 0, 0, 0, 0, 0, 0, 0, 0, 0, 0, 0, 0, 0, 0, 0, 0, 0, 0, 0, 0, 0, 0, 0, 0, 0, 0, 0, 0, 0, 0, 0, 0, 0, 0, 0, 0, 0, 0, 0, 0, 0, 0, 0, 0, 0, 0, 0, 0, 0, 0, 0, 0, 0, 0, 0, 0, 0, 0, 0, 0, 0, 0, 0, 0, 0, 0, 0, 0, 185, 185, 280, 280, 377, 377, 476, 476, 
0, 0, 0, 0, 0, 0, 0, 0, 0, 0, 0, 0, 0, 0, 0, 0, 0, 0, 0, 0, 0, 0, 0, 0, 0, 0, 0, 0, 0, 0, 0, 0, 0, 0, 0, 0, 0, 0, 0, 0, 0, 0, 0, 0, 0, 0, 0, 0, 0, 0, 0, 0, 0, 0, 0, 0, 0, 0, 0, 0, 0, 0, 0, 0, 0, 0, 0, 0, 0, 0, 0, 0, 0, 0, 0, 0, 0, 0, 0, 0, 0, 0, 0, 0, 0, 0, 0, 0, 0, 0, 0, 0, 0, 0, 93, 188, 188, 285, 285, 384, 384, 
0, 0, 0, 0, 0, 0, 0, 0, 0, 0, 0, 0, 0, 0, 0, 0, 0, 0, 0, 0, 0, 0, 0, 0, 0, 0, 0, 0, 0, 0, 0, 0, 0, 0, 0, 0, 0, 0, 0, 0, 0, 0, 0, 0, 0, 0, 0, 0, 0, 0, 0, 0, 0, 0, 0, 0, 0, 0, 0, 0, 0, 0, 0, 0, 0, 0, 0, 0, 0, 0, 0, 0, 0, 0, 0, 0, 0, 0, 0, 0, 0, 0, 0, 0, 0, 0, 0, 0, 0, 0, 0, 0, 0, 0, 0, 189, 189, 286, 286, 385, 385, 
0, 0, 0, 0, 0, 0, 0, 0, 0, 0, 0, 0, 0, 0, 0, 0, 0, 0, 0, 0, 0, 0, 0, 0, 0, 0, 0, 0, 0, 0, 0, 0, 0, 0, 0, 0, 0, 0, 0, 0, 0, 0, 0, 0, 0, 0, 0, 0, 0, 0, 0, 0, 0, 0, 0, 0, 0, 0, 0, 0, 0, 0, 0, 0, 0, 0, 0, 0, 0, 0, 0, 0, 0, 0, 0, 0, 0, 0, 0, 0, 0, 0, 0, 0, 0, 0, 0, 0, 0, 0, 0, 0, 0, 0, 0, 0, 95, 192, 192, 291, 291, 
0, 0, 0, 0, 0, 0, 0, 0, 0, 0, 0, 0, 0, 0, 0, 0, 0, 0, 0, 0, 0, 0, 0, 0, 0, 0, 0, 0, 0, 0, 0, 0, 0, 0, 0, 0, 0, 0, 0, 0, 0, 0, 0, 0, 0, 0, 0, 0, 0, 0, 0, 0, 0, 0, 0, 0, 0, 0, 0, 0, 0, 0, 0, 0, 0, 0, 0, 0, 0, 0, 0, 0, 0, 0, 0, 0, 0, 0, 0, 0, 0, 0, 0, 0, 0, 0, 0, 0, 0, 0, 0, 0, 0, 0, 0, 0, 0, 193, 193, 292, 292, 
0, 0, 0, 0, 0, 0, 0, 0, 0, 0, 0, 0, 0, 0, 0, 0, 0, 0, 0, 0, 0, 0, 0, 0, 0, 0, 0, 0, 0, 0, 0, 0, 0, 0, 0, 0, 0, 0, 0, 0, 0, 0, 0, 0, 0, 0, 0, 0, 0, 0, 0, 0, 0, 0, 0, 0, 0, 0, 0, 0, 0, 0, 0, 0, 0, 0, 0, 0, 0, 0, 0, 0, 0, 0, 0, 0, 0, 0, 0, 0, 0, 0, 0, 0, 0, 0, 0, 0, 0, 0, 0, 0, 0, 0, 0, 0, 0, 0, 97, 196, 196, 
0, 0, 0, 0, 0, 0, 0, 0, 0, 0, 0, 0, 0, 0, 0, 0, 0, 0, 0, 0, 0, 0, 0, 0, 0, 0, 0, 0, 0, 0, 0, 0, 0, 0, 0, 0, 0, 0, 0, 0, 0, 0, 0, 0, 0, 0, 0, 0, 0, 0, 0, 0, 0, 0, 0, 0, 0, 0, 0, 0, 0, 0, 0, 0, 0, 0, 0, 0, 0, 0, 0, 0, 0, 0, 0, 0, 0, 0, 0, 0, 0, 0, 0, 0, 0, 0, 0, 0, 0, 0, 0, 0, 0, 0, 0, 0, 0, 0, 0, 197, 197, 
0, 0, 0, 0, 0, 0, 0, 0, 0, 0, 0, 0, 0, 0, 0, 0, 0, 0, 0, 0, 0, 0, 0, 0, 0, 0, 0, 0, 0, 0, 0, 0, 0, 0, 0, 0, 0, 0, 0, 0, 0, 0, 0, 0, 0, 0, 0, 0, 0, 0, 0, 0, 0, 0, 0, 0, 0, 0, 0, 0, 0, 0, 0, 0, 0, 0, 0, 0, 0, 0, 0, 0, 0, 0, 0, 0, 0, 0, 0, 0, 0, 0, 0, 0, 0, 0, 0, 0, 0, 0, 0, 0, 0, 0, 0, 0, 0, 0, 0, 0, 99, 
0, 0, 0, 0, 0, 0, 0, 0, 0, 0, 0, 0, 0, 0, 0, 0, 0, 0, 0, 0, 0, 0, 0, 0, 0, 0, 0, 0, 0, 0, 0, 0, 0, 0, 0, 0, 0, 0, 0, 0, 0, 0, 0, 0, 0, 0, 0, 0, 0, 0, 0, 0, 0, 0, 0, 0, 0, 0, 0, 0, 0, 0, 0, 0, 0, 0, 0, 0, 0, 0, 0, 0, 0, 0, 0, 0, 0, 0, 0, 0, 0, 0, 0, 0, 0, 0, 0, 0, 0, 0, 0, 0, 0, 0, 0, 0, 0, 0, 0, 0, 0
