32
50 1000 16
1209 1224
1389 1404
1704 1719
1644 1659
1254 1269
1119 1134
1569 1584
1329 1344
1509 1524
1524 1539
1044 1059
1494 1509
1104 1119
1029 1044
1269 1284
1584 1599
1434 1449
1089 1104
1164 1179
1479 1494
1719 1734
1689 1704
1599 1614
1659 1674
1314 1329
1554 1569
1059 1074
1299 1314
1359 1374
1224 1239
1194 1209
1179 1194
1149 1164
1404 1419
1239 1254
1629 1644
1014 1029
1614 1629
1074 1089
1134 1149
1464 1479
1674 1689
1374 1389
1419 1434
1344 1359
1449 1464
1284 1299
1539 1554
999 1014
1734 1749
500 100 228
67564 54364
79935 90819
78735 75476
37081 96067
37809 26404
39061 48436
51435 66324
48832 4744
14084 66679
43607 65960
87762 70068
59246 30564
11898 64506
18112 4449
63907 75697
65995 76430
55738 63635
43273 64307
61848 13334
41294 82038
18008 11147
91359 48553
28411 12841
94248 12872
12943 1323
56160 62829
13424 18208
86181 37645
95044 50263
22861 67588
32602 68798
92978 95973
7253 52622
34600 41831
73090 10866
20028 83836
6787 82479
84692 93263
60234 30
76913 52961
48374 7474
2710 10618
39026 910
66150 59865
92801 92767
7689 69653
54485 13754
55088 4071
11710 85326
45854 18626
55603 48037
30475 77138
65026 26961
85286 20066
82285 77958
69311 96266
27550 22087
61385 57798
85417 93884
4260 2761
39755 42179
32624 12126
42486 76488
57359 92918
7071 41101
46975 74539
38633 34833
79943 17654
53254 78490
20913 25293
84544 30237
40621 75152
47022 5904
23841 78160
22246 96389
99987 45100
58342 8260
64142 85381
65733 36299
32711 21538
24451 24497
37153 55573
74686 3364
25771 32555
64896 86881
68097 98276
43884 70009
75268 2938
16262 47148
8480 2471
54741 88453
97308 6449
45180 7293
84729 34375
19151 8430
34486 64215
97123 98090
98525 91961
72754 9981
88716 82880
91504 85257
31787 32728
63862 69938
771 66812
71027 97339
48290 1097
92886 85530
35987 89862
34386 90436
38662 40695
79025 58319
67627 25454
89239 67728
6526 28931
76983 20009
56615 37694
44709 25350
77231 74207
11950 34348
97430 28298
76382 15363
37498 98584
66007 2287
11052 51311
23511 8202
74220 71023
62788 19754
44150 59378
41420 87348
48260 42695
12473 10249
41994 82027
74210 68986
27977 38168
37547 88912
89038 58469
66127 98499
56979 65724
32229 44448
44177 89145
14493 89971
27767 78529
33131 82042
60593 81407
99381 79744
46906 22742
72320 35596
76407 35856
85980 72160
8875 60619
74361 26158
63639 74802
36637 53551
20308 98747
43806 87705
54957 99642
68446 38960
38551 54143
27542 88255
27044 64456
41132 27698
74491 17313
24274 8475
77760 69383
83464 93601
89805 46801
78125 11854
1959 63901
72642 81406
35066 48707
20443 84078
82345 59702
38266 68999
55550 10144
44824 18429
74408 11624
66419 71131
60438 3664
13662 18258
86290 8552
4540 16082
23615 7672
54223 70523
57930 42360
42473 45737
52762 57564
36715 51700
99817 4663
98201 42077
6505 53816
90225 14819
93732 3570
47929 93142
29254 57086
87599 90101
64531 43738
7320 78422
86875 52418
98948 13883
73861 41816
25098 93945
96072 3178
65250 99914
85125 45358
57896 89985
63346 648
35261 73940
94031 81149
78015 56516
60077 7744
69045 89126
67667 65237
46989 59846
2685 92587
59361 67262
53947 13097
75720 62830
45107 10318
12522 36186
61525 21404
62513 11390
56894 11891
66355 90011
15638 86331
40090 6487
75832 47519
88300 93377
693 58373
19351 17115
30583 86172
29254 83108
7282 91283
62563 83597
25119 21356
98894 65605
91164 69145
24170 47374
69990 11716
82126 50253
89471 60380
59981 85277
17251 73795
30014 66235
14284 96149
21676 66818
57036 62345
89231 62974
68897 57605
47678 45085
93248 35245
75138 42625
61318 40102
48407 37355
34262 52099
65594 24602
89793 55872
43259 45344
83570 24604
75714 37698
34414 86852
55426 51000
45491 12035
64177 47158
51143 42192
3168 3179
40722 10679
80142 47712
96403 2815
67512 63130
16634 45851
51550 48271
50180 66033
25843 80650
36365 4109
86637 79311
81665 52017
92022 82321
31247 92184
71682 57450
91119 83474
97046 95785
32548 96165
47324 85865
56029 72609
74563 25662
97584 67966
83052 43628
41379 93388
6109 68902
97094 43106
29868 33617
53422 47878
23608 24369
10969 29401
2103 16632
33889 6407
54777 77586
66907 7496
47044 11352
59125 66550
92129 77449
36736 25365
59157 25498
4169 9131
51934 94717
53265 44612
16756 91975
67331 77517
12874 30724
89250 1480
65038 65214
19872 49655
12277 39418
76462 28287
6404 55426
56110 65674
72808 40704
40506 35873
92808 43411
69023 26152
44560 54508
67793 18696
66749 11595
63742 26282
91361 23670
38193 30250
97958 92261
98656 99738
80758 3728
48153 33336
15847 61715
15792 79436
99650 5630
89126 34314
62022 80770
38479 24241
88915 57784
24206 16773
69145 67363
40897 98917
64006 82761
55168 58461
14611 69043
29827 26955
93178 79224
13377 75474
46977 22802
46812 5600
66545 21961
70146 61484
65925 93714
58335 87389
12744 50782
61965 79813
35979 12702
31647 72500
97680 99080
38213 17458
53863 52353
25680 76087
6476 44707
64844 58585
21557 76382
58014 29875
59327 25832
44082 59932
43387 4058
39980 23322
30763 98944
83483 96699
99591 53841
44639 70120
22246 45452
30418 57937
94101 52760
66542 8564
31398 52366
80160 11199
29397 73194
69721 56596
13421 95283
51321 81315
59898 72073
43141 79969
58253 32295
29014 93002
3902 67434
35961 48255
56584 61851
98278 10267
52722 83144
39803 85420
19219 16108
72590 5793
695 2697
51516 70160
61553 70006
61780 94196
39158 55175
91722 69271
81159 86600
71755 60129
55933 56289
51973 4516
80082 48173
38129 52070
83232 94304
42117 52751
16063 68513
86469 7623
66376 89123
20638 87280
55435 9651
10744 97224
27665 64597
78461 45898
16099 52821
23187 84431
94509 63928
27308 77854
10685 10703
71233 90035
79644 68369
64598 40598
41152 39097
68303 79433
97335 10656
5046 2320
98874 63695
72348 13321
90050 41261
41384 56369
81483 47850
66345 14860
52732 80093
49174 47010
60607 19988
44500 4988
97344 58242
31706 46586
33958 80397
6353 82126
51763 690
25589 78696
60007 83460
74556 12614
1009 85710
65231 93676
86585 91596
5471 88009
11718 35348
27598 78948
74020 29343
52199 34067
80389 8223
87648 42612
48614 54455
63553 59841
45592 67070
81755 42600
46987 51920
60272 71107
19035 89730
92999 73559
51819 8005
80201 63306
25347 22745
28042 65241
67574 73436
45032 9876
6012 32795
68912 84608
10593 49504
88749 79416
66128 10532
50369 9866
77684 38450
84357 4125
61836 7770
50322 84627
55787 6049
54462 19407
63189 72306
1973 55599
26817 39254
98891 3377
36924 52448
50129 9817
35107 39716
1356 12614
44894 74006
7909 53865
70576 26540
849 92592
38583 46380
25913 95218
44467 30835
28370 71458
98974 67634
71939 2964
500 100000 273
29620 97943
5498 12332
65029 70993
48304 18703
11096 79037
77529 69300
43139 43407
55412 95209
35859 15202
37666 78280
82161 89719
343 34362
80170 82987
70942 95570
16394 26997
40391 24415
44369 36129
43178 73519
24720 43938
13425 49965
18782 95025
72470 32222
99458 90789
32980 38797
1101 61364
57484 35286
31174 1011
68911 36492
37766 42826
65042 97504
65589 10650
94164 84713
11305 47474
89627 25374
3887 95844
29295 2705
98439 80213
77817 78783
93972 82376
78691 25346
84234 82120
35296 32514
19459 51888
62280 35553
43237 43072
48243 25811
61722 21702
51459 38978
35081 97651
11664 92533
32349 90356
41846 61744
85830 53834
37804 25965
17683 23411
56184 68483
37703 20708
79162 18274
54202 4779
62655 97359
31839 72549
51215 71891
2926 92810
89560 9183
9844 73330
6880 49055
16419 36768
93237 85214
77580 46169
40402 87644
4973 78126
23403 86335
322 80310
94727 68627
79967 26692
28624 56810
41880 38339
92249 38443
29643 89907
99709 2843
51396 69973
17565 58088
44869 65242
16949 49973
88810 99249
98909 73130
32421 63031
70287 24210
58983 60549
79520 11646
91053 25151
73625 3795
44077 59292
68541 58004
77831 17724
17071 73740
18658 7695
91610 45675
90170 87741
61362 25135
38772 11232
22734 52993
33963 24133
25317 95177
13324 98331
88472 97069
43564 90121
25797 69074
21094 32816
53892 25753
96947 78470
36339 66561
27845 73606
93283 29926
78754 45906
68792 16113
60478 89614
88202 81499
90263 18516
67084 35789
12578 10388
58437 12559
30071 18493
14925 14371
99798 798
24321 86124
15242 121
88597 88590
43207 55835
19275 95915
27224 93010
80970 59927
86646 46072
33705 1999
99539 59776
2737 65357
62845 37465
20954 44204
27218 82157
1880 90559
73454 98162
5369 94065
42982 63614
63338 20596
60597 79091
95939 57063
94304 65042
34758 29788
94822 43999
96504 28651
95472 60552
18916 88877
46868 35406
38290 7614
47635 88657
525 34965
29590 77375
73475 56421
49395 89012
60551 51344
66824 51473
70028 58723
48641 61787
69469 19121
80927 48903
73162 55965
79265 66529
84061 63536
50203 59091
24980 12143
74063 28266
78764 5819
57813 32450
65708 19024
39047 87277
16202 50851
71405 36060
23662 7648
77999 16935
94959 30999
13095 2566
5582 68350
79467 62114
1716 81574
70271 70070
30673 71598
18174 7384
60593 79104
43378 33241
35678 59250
96139 18958
74947 17472
41032 75421
98921 16956
1914 54579
26043 55114
26967 3451
49783 92941
24831 96172
21584 67965
85295 86538
63592 72085
42503 41593
71628 5831
6192 92973
86497 91933
84941 1864
79069 99357
35833 44246
3676 49619
41552 44368
83972 37401
16892 94250
66438 9116
69790 45828
79779 72728
29890 42134
67136 33855
38875 49704
34835 52587
61509 12693
37131 60729
67550 44464
9812 46495
92457 48536
2088 26532
36898 68771
66630 98517
38424 59849
7385 18462
86061 17232
37415 19781
93344 16493
62252 98680
56502 94630
55240 17674
9538 77885
49708 73003
17399 71257
5655 85744
5640 70277
17957 56866
17440 39034
98488 56112
6719 33890
52660 15885
1607 319
72553 24314
75788 32569
553 23689
66106 31749
84361 92798
72398 97420
36659 33715
69756 1158
30313 25989
11031 58892
96955 63007
57167 19559
37475 53314
99109 28600
15938 73642
65875 94706
6590 92129
75323 43934
47788 24914
86287 53890
18340 73758
63506 81401
43618 36329
79375 33580
87556 29144
33331 91697
565 1712
32955 54709
68079 74803
28876 1076
24725 52890
85830 23225
92829 90758
81813 34312
31529 10481
84711 19328
13355 65587
6391 19713
78938 73061
82858 50733
77437 58868
93476 94346
53601 14075
31480 6103
76646 64579
66466 54460
35100 10907
46523 71920
27171 6822
42057 92583
41269 35725
54012 97735
45407 72353
11422 69629
15532 78307
55832 41341
74504 33758
66162 19361
27987 35520
89065 41785
3813 37227
83379 9247
99479 54181
4486 25192
18497 16283
7105 90254
83589 24014
94815 51872
98458 99463
98338 56566
42008 29079
17385 9373
23234 61410
36183 26586
44334 89895
22511 38417
88229 7400
55546 56428
72779 8034
19055 7428
27956 61367
29057 46159
61387 70742
98641 46061
18596 90116
28478 460
73431 47822
80636 4554
59860 26374
63457 85589
29040 53872
90583 3851
27749 25062
48814 49883
47409 89902
68920 88956
11339 17639
12665 65782
59589 12469
48338 8157
48120 94392
97252 84007
64214 78949
29322 46187
8619 91869
92900 53058
80152 22427
90550 30088
18118 41126
77769 92712
82869 70685
43790 58443
70514 30485
13070 52994
38455 70891
66844 44717
97756 44052
64196 77982
38117 63483
75276 6666
7102 75719
81235 44427
68833 80429
13481 10290
6577 15665
35016 11215
88091 14999
6112 44151
89557 17148
93715 50478
72181 89979
29426 75071
44248 42972
57804 57489
22520 18917
5463 94603
31639 55273
80738 15200
73520 39257
82256 82266
4116 55388
78416 1688
68525 34382
71719 66976
47539 40174
77771 11167
92844 95073
28284 20718
26777 52953
17339 90552
35579 35941
79128 16966
1085 88094
33037 97993
22140 94693
47916 91609
23006 32683
33077 95720
20375 93620
60359 95878
65802 61958
51575 59125
90916 19311
73454 1279
64501 95644
88444 12534
83555 65625
76815 45518
44979 98115
48452 14868
55038 23715
99854 83312
57284 6975
13400 8032
1755 64008
49636 68705
99402 81073
86620 41359
29635 88777
10806 15731
29934 14583
25469 96733
12855 28552
52233 66446
89974 9360
48134 67906
12570 48318
18238 59256
18846 99327
59806 5356
96952 51376
33631 55408
43716 42143
12977 10659
40574 95763
42691 13011
89881 50274
39003 14793
80685 32588
71801 50266
53380 3182
27982 61822
86082 84017
71814 80304
80067 46639
19744 89129
74189 49250
12863 84877
76316 64851
7426 54655
58040 41574
62160 21
58509 93106
639 36228
60404 30704
82491 65221
17033 5475
52941 51387
46490 37177
35016 4640
31584 6826
13414 40580
85481 14769
14533 16556
5052 50584
29927 42925
48987 80898
72754 17253
82014 21184
66066 71691
7196 24008
85985 9643
70346 42284
78941 41103
4321 18783
97423 26934
8252 3869
89061 12624
34873 41681
59751 99340
43427 75290
6790 33010
299 88337
80482 86375
82414 85821
72266 19304
36590 66777
25807 64919
84132 92992
12247 91566
28802 62099
24102 18564
60299 60430
100 12613 17
50000 100000
100 0
39624 47545
33352 10154
38985 37100
12278 4961
48552 26143
38146 42779
47856 18600
21093 11361
35017 39766
8367 19795
48364 16083
37837 30174
18533 3277
42777 37200
20789 26288
33489 10953
23080 11778
10844 6927
18724 17561
26409 49597
47217 31726
16323 38981
682 23290
5701 37928
17838 21332
43523 27277
5159 3677
18092 9757
33661 38875
36037 42256
14503 266
22393 44559
4239 17168
5673 42684
16458 14062
37032 9469
41714 32802
39671 15737
26975 2656
11497 48359
31769 26226
37139 7051
24285 37857
3120 8260
37707 22634
28232 48100
23295 11694
5640 17897
42180 25568
40194 27129
25379 9295
32127 7073
36846 46628
42339 46175
10475 9006
41077 33010
21527 40429
8256 45498
3618 4919
24127 14855
34552 46913
18691 33097
27499 12275
32041 21167
2237 21331
34040 7353
2345 10987
34553 37558
5442 15974
19114 15525
38862 38598
379 27018
42387 43250
44928 10573
37811 18096
7988 40096
14487 22383
47314 40433
12926 45755
15824 23931
31306 48724
36035 5449
32860 9560
27704 45394
15958 19323
29480 10357
35462 49111
37172 6079
34958 46993
18973 13008
16410 42417
16948 37242
16987 35262
4275 23136
37686 12642
35801 30364
41826 11076
20564 30492
1 1 1
1 1
1322 5 119
76 257
657 208
589 356
417 125
251 553
71 508
642 179
680 253
798 56
776 263
130 38
430 615
688 398
237 307
422 268
331 678
771 404
591 483
126 467
374 694
202 4
382 31
689 554
162 305
749 563
625 37
736 227
160 397
29 319
569 406
154 399
113 59
178 29
798 290
640 113
680 55
756 450
548 166
609 255
473 442
440 715
69 266
2 392
283 210
354 117
581 816
228 301
379 435
733 354
258 252
766 89
133 424
639 125
772 135
344 605
306 316
206 416
633 47
43 319
406 45
635 453
425 290
638 648
374 656
82 401
799 442
508 171
730 598
498 364
400 338
486 744
497 109
800 171
232 5
483 170
517 692
222 255
327 249
761 450
47 466
38 65
555 641
643 660
736 4
376 419
4 36
489 37
628 767
514 300
30 327
62 134
262 589
625 720
535 256
478 164
730 545
230 489
531 198
468 350
22 178
513 338
151 321
491 596
310 531
594 423
188 185
150 69
137 347
13 336
219 354
424 93
162 193
437 357
345 466
689 80
324 50
668 206
627 471
277 39
19 370
207 676
473 316
141 309
735 313
729 18
789 598
349 386
128 392
131 656
514 706
437 442
330 490
494 582
414 196
405 244
796 381
735 387
126 669
137 751
672 245
601 551
271 73
580 499
209 538
695 310
488 462
149 120
166 538
229 382
749 190
192 690
418 88
416 110
436 303
272 411
36 750
786 662
356 66
518 815
754 601
419 798
187 280
612 291
540 710
711 767
207 810
371 650
480 146
85 331
140 582
24 146
57 150
78 42
744 32
367 407
541 330
740 144
494 301
29 148
234 331
381 725
653 141
15 293
185 306
683 236
509 46
65 662
547 385
692 73
56 640
731 622
105 341
707 428
665 331
60 598
298 217
615 465
148 481
561 519
422 780
126 396
84 783
730 190
255 507
296 163
753 242
121 109
365 165
600 766
669 150
555 386
728 785
4 508
355 582
455 439
60 392
746 135
292 179
744 700
694 167
20 526
583 221
254 788
399 242
434 218
777 168
735 555
70 658
595 703
680 159
131 398
235 334
523 460
676 40
343 749
353 806
724 422
90 392
629 382
681 4
733 228
32 726
302 795
662 98
442 235
662 606
137 229
126 151
452 623
373 498
776 487
744 512
205 625
34 542
405 464
334 679
617 413
135 19
783 369
387 676
502 286
207 581
281 558
216 791
591 212
401 45
162 107
773 684
570 317
63 771
609 529
444 81
418 152
108 148
794 11
498 49
120 206
27 250
737 469
245 124
419 73
676 715
498 284
146 92
500 319
159 776
52 436
605 424
280 348
615 161
573 177
337 373
733 464
408 355
687 489
449 572
237 166
237 738
156 372
234 195
743 549
274 340
643 559
438 122
583 416
439 272
305 195
734 11
723 155
505 337
44 447
385 305
361 553
344 585
791 644
165 416
298 748
585 297
23 588
268 713
71 514
403 550
475 23
464 101
299 114
63 394
182 223
799 138
60 38
277 148
78 208
349 694
640 752
426 148
160 182
432 330
540 170
408 629
98 715
244 221
458 89
671 769
217 141
715 377
741 328
691 528
561 433
656 424
414 307
60 206
590 287
471 261
315 361
508 795
329 252
18 702
201 219
231 3
189 418
394 363
218 524
78 146
629 623
37 7
171 225
104 602
14 93
316 57
615 757
9 714
754 75
119 639
635 593
424 175
105 40
614 741
88 628
134 527
188 397
301 507
104 158
583 214
364 175
449 699
202 429
159 139
112 618
81 681
109 349
97 753
457 683
385 449
24 530
488 391
82 290
49 127
289 185
256 244
357 29
136 49
24 581
185 496
549 142
602 557
483 526
222 760
658 467
304 370
508 41
574 253
392 200
34 189
584 525
74 360
400 107
570 720
19 740
604 124
471 552
313 585
418 565
613 36
57 78
4 347
309 728
443 467
480 94
670 634
791 749
348 49
298 361
130 640
405 535
542 585
512 784
572 152
358 659
332 494
161 449
573 662
754 99
286 42
641 38
691 242
138 53
321 528
257 113
632 760
195 771
99 71
517 644
105 754
509 321
722 621
798 334
118 28
12 200
489 22
139 404
24 198
165 144
694 90
537 606
736 266
562 87
384 537
785 521
586 16
158 102
423 481
204 758
614 170
401 552
769 452
104 304
22 217
744 478
454 383
131 387
748 425
727 66
587 399
660 128
723 634
681 780
36 323
423 179
121 149
471 592
573 167
410 430
294 203
448 755
152 557
672 121
16 430
200 679
671 423
323 343
165 630
337 11
717 432
532 530
444 339
494 165
381 336
110 292
765 44
761 337
555 317
561 540
718 360
36 467
443 712
342 699
508 89
385 487
396 396
686 620
121 343
451 231
693 169
399 755
645 700
160 557
542 215
298 671
450 721
769 152
241 77
385 637
348 598
512 123
437 156
333 182
662 696
491 559
43 349
770 579
706 332
544 419
543 323
643 188
144 337
18 63
561 268
179 676
194 553
639 448
614 360
594 283
730 66
177 44
135 460
326 164
94 685
675 52
151 456
145 70
754 413
539 351
63 300
394 348
196 801
492 454
512 386
327 636
112 544
295 802
103 550
400 807
8 639
347 120
163 192
325 448
72 54
749 786
417 86
704 260
712 376
28 719
627 280
122 765
688 393
400 139
785 198
321 747
445 30
146 488
525 349
260 324
215 520
420 481
361 365
457 134
575 38
608 685
154 793
782 417
348 154
774 623
192 13
736 25
164 515
502 32
297 95
447 487
150 383
21 766
207 628
358 667
227 468
800 451
180 110
610 41
287 471
14 609
493 384
787 401
583 330
219 340
136 476
637 250
15 664
708 430
348 591
758 703
364 192
350 368
13 651
171 614
292 20
320 67
699 148
182 371
545 378
466 807
741 176
790 694
262 130
484 118
261 448
260 600
667 23
29 667
443 157
518 110
592 325
531 570
539 737
655 618
616 15
182 493
325 645
393 693
694 384
472 505
113 555
721 405
463 662
246 178
580 783
259 278
254 248
176 626
719 76
534 518
425 99
558 232
676 362
77 583
612 404
263 739
546 379
733 678
522 541
496 354
533 524
440 615
388 710
274 392
37 14
450 571
347 735
555 253
116 164
673 47
233 482
163 159
24 584
481 209
309 591
139 272
788 119
221 742
81 165
560 700
155 561
537 518
10 754
72 310
239 196
471 340
276 783
162 734
759 706
2 333
653 36
585 643
754 775
712 354
126 527
191 235
227 470
678 289
344 97
173 760
721 20
380 467
102 430
197 25
34 433
702 565
779 262
20 782
653 470
605 28
372 530
58 599
252 57
178 479
348 23
238 697
167 541
613 744
159 276
129 215
715 584
22 809
743 63
337 70
82 550
102 669
385 245
49 415
506 598
33 307
422 230
154 594
41 728
26 36
62 174
702 293
524 508
481 370
278 63
459 563
184 447
302 705
730 512
217 509
379 166
250 409
759 558
364 444
542 620
731 767
469 199
712 284
738 722
697 358
579 504
437 238
274 242
416 533
727 450
203 622
2 386
444 263
381 169
506 757
98 260
158 72
777 58
57 599
487 734
328 302
304 502
118 613
347 73
509 140
529 166
70 663
47 251
727 664
650 143
567 484
412 628
325 630
372 17
525 289
55 228
88 574
566 256
781 702
591 560
257 56
412 49
210 235
525 451
681 4
126 560
583 182
469 427
456 466
100 601
321 606
48 281
535 799
170 30
410 83
419 177
799 218
223 32
272 605
614 69
757 283
606 343
691 406
623 682
711 263
57 339
187 139
307 138
529 365
636 57
430 580
387 126
537 149
436 310
490 373
433 342
689 273
680 426
204 612
615 816
512 707
528 62
95 633
193 753
142 376
346 157
47 431
212 262
81 449
494 129
237 443
601 85
398 580
388 477
285 622
756 131
310 522
236 485
136 572
151 728
534 343
41 394
183 379
483 485
486 597
131 490
0 58
578 32
249 495
133 660
778 780
621 286
690 418
335 229
333 717
759 715
52 282
377 139
294 808
539 627
460 637
786 454
578 458
371 93
65 312
779 68
663 718
432 763
13 59
788 397
372 627
790 419
443 763
734 83
204 335
290 672
139 39
404 36
408 361
577 357
490 687
648 645
575 62
236 808
247 798
487 716
222 705
531 134
311 214
118 112
573 123
491 186
532 403
675 76
248 4
200 351
523 477
789 16
742 727
531 711
175 762
763 290
593 692
265 713
572 591
481 279
362 84
646 227
692 383
88 571
74 26
471 145
449 490
310 49
697 324
470 436
414 601
336 659
514 575
598 744
711 468
623 2
470 50
286 590
206 64
367 346
721 361
15 310
430 374
413 51
604 281
616 182
77 409
199 342
117 369
545 117
683 615
365 626
2 773
343 440
48 249
459 745
157 496
59 400
772 519
216 362
59 569
42 20
358 516
253 412
480 464
259 616
309 382
142 456
388 233
617 10
387 121
131 3
232 140
411 124
505 747
218 774
547 560
618 729
684 357
502 178
476 260
117 624
567 542
709 43
312 348
403 31
51 569
107 369
730 86
368 625
552 39
256 696
394 396
584 161
603 766
749 34
381 521
657 336
153 366
247 695
95 492
159 168
738 331
139 279
545 158
584 245
742 769
496 141
605 709
34 581
612 197
784 454
95 95
718 637
81 751
111 401
109 88
346 81
119 604
331 294
415 437
373 301
384 147
378 805
57 344
673 68
38 481
723 648
239 766
444 470
391 6
651 172
736 50
185 394
670 458
273 461
181 664
63 726
641 648
67 295
331 488
357 379
28 752
364 696
414 337
3 687
646 641
343 589
91 494
608 17
96 341
183 624
297 270
212 632
519 11
299 449
752 678
107 476
417 771
360 264
692 655
561 382
513 512
305 726
63 498
74 469
635 605
397 606
385 136
610 212
475 447
135 106
369 528
689 750
619 121
505 686
735 700
406 246
149 199
64 260
514 456
492 440
664 751
450 678
133 198
488 126
475 785
693 719
600 442
479 813
18 700
374 786
177 772
145 120
798 189
184 233
541 347
620 702
609 758
161 106
658 5
534 32
533 630
267 275
756 695
9 759
243 231
35 133
215 789
387 303
311 2
199 66
771 179
361 464
187 585
117 239
462 379
568 506
532 443
112 316
574 577
312 563
722 23
235 299
731 708
177 604
460 203
795 395
380 729
428 278
311 221
510 140
220 507
741 312
515 356
117 447
576 54
137 248
285 2
165 491
543 245
672 148
747 704
297 740
196 67
155 428
742 87
641 273
321 175
743 458
794 192
758 69
155 506
311 321
455 796
286 360
745 656
5 704
111 430
322 621
123 781
566 783
231 463
557 785
288 498
347 657
621 364
677 572
217 385
348 12
46 764
114 739
435 136
729 212
792 631
282 25
271 154
781 369
441 14
31 85
179 661
716 12
539 530
56 759
795 212
397 560
770 33
744 47
606 527
409 619
701 499
377 593
115 136
86 65
515 599
478 230
713 338
267 657
137 767
799 196
704 319
310 357
133 816
286 235
108 400
150 233
427 228
611 741
412 119
700 224
342 798
585 594
614 489
596 527
626 776
131 685
672 143
494 184
142 258
304 420
517 800
94 6
793 547
528 350
144 583
776 563
558 350
616 703
59 712
531 777
754 715
649 701
625 31
298 547
612 76
339 428
111 641
614 200
169 297
754 403
794 218
719 753
88 501
583 806
45 767
750 206
150 712
364 761
317 460
414 463
413 170
425 230
492 519
566 668
196 609
480 372
181 209
432 637
175 214
406 584
600 32
647 261
540 252
498 470
520 523
248 670
636 302
111 680
665 568
314 488
491 363
363 604
624 801
497 251
207 379
52 203
424 145
179 285
456 215
653 322
751 7
659 603
565 769
592 62
394 211
369 306
207 373
464 789
651 381
242 648
739 335
143 102
525 785
282 361
564 510
721 801
406 389
589 218
68 474
187 178
771 34
479 24
362 279
691 352
561 320
340 63
241 36
114 271
215 632
779 686
15 2 15
0 1
0 1
1 2
1 0
0 2
0 0
0 1
0 0
0 2
1 2
1 0
0 2
0 2
1 1
0 2
5 30172 1
50000 100000
100 0
40169 15592
35284 1562
33611 11839
500 3 206
362 526
45 191
38 498
30 231
121 248
24 281
553 21
471 562
553 521
212 10
538 342
223 81
499 542
511 33
363 610
141 544
371 432
565 215
270 428
558 211
307 536
244 284
158 287
350 196
146 537
155 603
97 525
165 135
330 88
318 164
415 123
347 97
360 241
183 454
26 407
382 491
45 172
100 314
338 596
374 439
319 560
22 30
599 13
369 189
508 537
116 460
219 585
354 515
125 20
488 492
421 134
313 231
450 199
74 189
418 386
148 503
101 505
402 261
453 504
392 589
162 463
161 429
309 384
222 325
33 246
131 357
182 360
109 440
326 319
503 201
231 588
416 236
93 114
84 58
85 74
22 450
14 159
73 437
3 357
78 452
420 309
188 372
355 133
143 294
231 182
260 497
172 557
270 587
313 427
576 385
126 382
583 410
362 177
242 346
511 194
220 105
131 412
229 94
23 568
57 604
517 553
1 33
310 365
277 105
440 184
562 428
131 43
118 82
59 236
381 93
176 538
54 421
117 95
61 206
105 230
301 117
112 591
48 580
369 391
463 120
499 584
227 386
189 327
114 63
425 43
302 179
102 250
322 350
313 577
287 14
133 126
493 318
40 127
553 21
218 40
197 355
3 513
497 417
266 344
1 357
268 275
67 485
26 251
20 470
472 531
140 427
178 28
175 93
122 174
100 48
309 556
79 394
252 229
190 521
593 363
155 417
278 537
421 26
152 453
33 28
40 258
211 203
181 408
481 489
567 150
497 237
472 8
342 5
507 199
212 246
312 591
409 299
490 572
566 530
157 579
595 78
470 265
590 375
277 270
286 243
133 517
192 199
425 60
395 404
134 42
338 272
157 200
173 252
600 602
417 167
158 363
327 231
430 296
2 66
137 267
499 604
187 158
354 174
41 420
539 114
6 582
144 383
284 256
359 246
132 340
157 275
480 382
250 71
171 223
343 405
257 286
142 277
415 45
187 66
357 149
317 546
442 268
296 435
497 599
418 561
585 56
313 584
502 120
336 21
194 316
386 38
216 50
254 553
170 198
296 541
587 312
552 8
367 186
586 586
261 230
520 384
493 135
426 84
303 176
158 543
383 343
544 312
448 307
265 363
428 317
584 443
242 554
365 594
216 159
274 198
472 172
438 475
161 147
457 163
95 134
561 65
51 204
248 474
11 140
103 45
413 336
600 24
342 155
180 168
215 387
358 211
584 272
595 160
304 147
267 125
226 327
474 201
541 321
172 514
526 497
597 145
305 409
278 188
169 562
148 516
426 157
497 265
161 108
458 559
469 159
360 50
14 31
565 235
156 303
114 212
208 571
446 152
502 57
85 75
590 440
346 565
488 28
139 106
117 549
290 225
66 331
190 548
283 127
367 368
165 467
479 136
420 339
404 463
98 150
479 443
380 196
427 134
314 579
410 307
576 24
20 590
148 573
311 31
566 9
449 66
296 270
248 4
548 482
202 155
195 426
93 409
289 465
365 181
156 428
458 188
226 99
295 120
262 271
268 337
68 570
120 316
589 540
71 546
508 36
292 109
530 240
244 305
264 439
237 69
296 10
34 132
372 121
532 5
210 554
140 435
78 577
410 96
500 120
27 509
554 75
460 31
533 464
258 203
489 443
358 105
393 118
534 303
6 186
212 296
245 313
79 187
409 573
38 157
95 119
124 44
562 344
69 157
501 418
17 303
292 497
574 401
241 603
109 118
97 327
581 395
501 105
31 285
538 320
278 494
119 472
310 611
135 491
180 113
575 133
259 181
155 163
409 388
401 181
438 233
197 304
198 271
530 14
116 157
445 537
157 268
201 421
70 455
345 29
153 309
307 252
369 493
523 186
160 95
354 525
79 232
583 550
0 22
483 499
33 589
65 179
233 88
312 21
507 167
282 146
164 116
456 2
297 257
566 549
577 450
293 388
314 312
266 29
64 475
239 290
40 332
511 43
426 288
6 586
274 316
331 75
521 263
296 568
245 507
128 296
296 299
477 190
2 268
377 123
542 264
506 85
94 431
100 414
576 331
346 65
177 540
359 44
244 100
426 503
311 446
56 257
122 611
4 55
105 66
130 293
521 307
378 157
104 156
330 378
489 385
272 338
442 321
219 129
245 556
241 148
357 413
486 238
189 261
7 146
273 569
426 463
430 535
482 350
452 583
73 328
395 229
471 11
415 462
305 353
206 276
564 209
373 225
480 210
387 295
343 395
166 410
76 557
277 272
162 601
50 511
549 258
513 47
331 438
513 496
399 317
214 334
10 100 8
11219 46045
93225 98974
93196 95007
67620 67678
79361 29826
68615 71017
96342 49297
1441 84382
94971 13860
93879 4313
32 50 10
1000 16
1209 1224
1389 1404
1704 1719
1644 1659
1254 1269
1119 1134
1569 1584
1329 1344
1509 1524
1524 1539
1044 1059
1494 1509
1104 1119
1029 1044
1269 1284
1584 1599
1434 1449
1089 1104
1164 1179
1479 1494
1719 1734
1689 1704
1599 1614
1659 1674
1314 1329
1554 1569
1059 1074
1299 1314
1359 1374
1224 1239
1194 1209
10 100000 10
46938 37340
57066 50488
37903 59593
77386 86004
2537 11624
22497 89702
35419 44613
10213 56113
9744 73596
81321 34242
500 100000 273
99873 99872
99846 99845
99604 99603
99777 99776
99903 99902
99898 99897
99752 99751
99760 99759
99978 99977
99658 99657
99529 99528
99576 99575
99712 99711
99928 99927
99845 99844
99629 99628
99726 99725
99814 99813
99834 99833
99779 99778
99868 99867
99886 99885
99797 99796
99946 99945
99660 99659
99844 99843
99691 99690
99705 99704
99824 99823
99825 99824
99960 99959
99951 99950
99955 99954
99526 99525
99558 99557
99786 99785
99580 99579
99633 99632
99650 99649
99697 99696
99773 99772
99741 99740
99766 99765
99699 99698
99608 99607
99679 99678
99858 99857
99893 99892
99505 99504
99863 99862
99677 99676
99698 99697
99509 99508
99914 99913
99623 99622
99763 99762
99701 99700
99553 99552
99512 99511
99723 99722
99992 99991
99648 99647
99631 99630
99725 99724
99936 99935
99682 99681
99772 99771
99784 99783
99506 99505
99681 99680
99819 99818
99839 99838
99695 99694
99790 99789
99872 99871
99600 99599
99882 99881
99514 99513
99875 99874
99852 99851
99538 99537
99672 99671
99792 99791
99945 99944
99761 99760
99987 99986
99717 99716
99586 99585
99639 99638
99804 99803
99595 99594
99916 99915
99931 99930
99926 99925
99656 99655
99547 99546
99614 99613
99704 99703
99744 99743
99605 99604
99530 99529
99737 99736
99668 99667
99523 99522
99917 99916
99935 99934
99626 99625
99504 99503
99687 99686
99989 99988
99507 99506
99776 99775
99878 99877
99543 99542
99879 99878
99762 99761
99799 99798
99657 99656
99865 99864
99775 99774
99634 99633
99780 99779
99859 99858
99612 99611
99675 99674
99557 99556
99997 99996
99890 99889
99765 99764
99942 99941
99795 99794
99870 99869
99554 99553
99500 99499
99638 99637
99815 99814
99713 99712
99958 99957
99692 99691
99606 99605
99911 99910
99944 99943
99976 99975
99560 99559
99767 99766
99745 99744
99986 99985
99501 99500
99696 99695
99635 99634
99934 99933
99901 99900
99904 99903
99826 99825
99993 99992
99666 99665
99774 99773
99980 99979
99594 99593
99831 99830
99703 99702
99536 99535
99836 99835
99932 99931
99838 99837
99927 99926
99593 99592
99990 99989
99714 99713
99848 99847
99771 99770
99925 99924
99905 99904
99896 99895
99938 99937
99662 99661
99607 99606
99864 99863
99643 99642
99734 99733
99966 99965
99800 99799
99613 99612
99592 99591
99565 99564
99563 99562
99887 99886
99715 99714
99778 99777
99646 99645
99809 99808
99849 99848
99985 99984
99921 99920
99678 99677
99947 99946
99618 99617
99693 99692
99525 99524
99972 99971
99685 99684
99645 99644
99585 99584
99574 99573
99521 99520
99923 99922
99567 99566
99743 99742
99602 99601
99559 99558
99940 99939
99724 99723
99524 99523
99710 99709
99794 99793
99534 99533
99664 99663
99854 99853
99788 99787
99541 99540
99805 99804
99801 99800
99625 99624
99589 99588
99884 99883
99860 99859
99573 99572
99988 99987
99782 99781
99984 99983
99711 99710
99750 99749
99808 99807
99721 99720
99833 99832
99627 99626
99889 99888
99807 99806
99531 99530
99570 99569
99647 99646
99579 99578
99837 99836
99564 99563
99751 99750
99843 99842
99977 99976
99624 99623
99877 99876
99906 99905
99708 99707
99546 99545
99706 99705
99798 99797
99730 99729
99632 99631
99791 99790
99587 99586
99671 99670
99513 99512
99596 99595
99663 99662
99620 99619
99510 99509
99964 99963
99637 99636
99582 99581
99999 99998
99862 99861
99785 99784
99867 99866
99943 99942
99562 99561
99802 99801
99803 99802
99577 99576
99891 99890
99756 99755
99881 99880
99549 99548
99818 99817
99556 99555
99909 99908
99995 99994
99770 99769
99742 99741
99822 99821
99922 99921
99597 99596
99880 99879
99969 99968
99735 99734
99835 99834
99929 99928
99974 99973
99748 99747
99700 99699
99979 99978
99949 99948
99754 99753
99561 99560
99599 99598
99996 99995
99520 99519
99733 99732
99590 99589
99739 99738
99619 99618
99948 99947
99952 99951
99842 99841
99971 99970
99551 99550
99621 99620
99956 99955
99667 99666
99651 99650
99615 99614
99912 99911
99812 99811
99688 99687
99983 99982
99732 99731
99702 99701
99806 99805
99508 99507
99581 99580
99874 99873
99918 99917
99661 99660
99876 99875
99569 99568
99758 99757
99649 99648
99653 99652
99847 99846
99915 99914
99827 99826
99950 99949
99578 99577
99924 99923
99975 99974
99828 99827
99994 99993
99566 99565
99719 99718
99609 99608
99851 99850
99919 99918
99616 99615
99584 99583
99591 99590
99841 99840
99796 99795
99998 99997
99552 99551
99709 99708
99568 99567
99535 99534
99544 99543
99610 99609
99899 99898
99519 99518
99861 99860
99970 99969
99716 99715
99907 99906
99764 99763
99871 99870
99981 99980
99555 99554
99674 99673
99542 99541
99913 99912
99920 99919
99810 99809
99720 99719
99655 99654
99641 99640
99840 99839
99684 99683
99787 99786
99982 99981
99740 99739
99768 99767
99522 99521
99869 99868
99611 99610
99991 99990
99533 99532
99588 99587
99583 99582
99820 99819
99781 99780
99811 99810
99642 99641
99518 99517
99757 99756
99729 99728
99885 99884
99857 99856
99933 99932
99503 99502
99749 99748
99644 99643
99897 99896
99895 99894
99962 99961
99963 99962
99683 99682
99598 99597
99548 99547
99793 99792
99537 99536
99502 99501
99939 99938
99575 99574
99965 99964
99738 99737
99676 99675
99883 99882
99850 99849
99689 99688
99527 99526
99727 99726
99640 99639
99707 99706
99894 99893
99628 99627
99528 99527
99823 99822
99941 99940
99572 99571
99728 99727
99769 99768
99545 99544
99954 99953
99718 99717
99694 99693
99816 99815
99515 99514
99659 99658
99722 99721
99746 99745
99539 99538
99967 99966
99680 99679
99959 99958
99532 99531
99736 99735
99813 99812
99571 99570
99866 99865
99747 99746
99783 99782
99550 99549
99731 99730
99888 99887
99516 99515
99759 99758
99636 99635
99832 99831
99665 99664
99669 99668
99630 99629
99517 99516
99855 99854
99953 99952
99603 99602
99961 99960
99670 99669
99829 99828
99617 99616
99968 99967
99937 99936
99690 99689
99622 99621
99821 99820
99511 99510
99892 99891
99930 99929
99654 99653
99973 99972
99830 99829
99817 99816
99789 99788
99755 99754
99910 99909
99540 99539
99902 99901
99652 99651
99853 99852
99856 99855
99686 99685
99601 99600
99673 99672
99908 99907
99957 99956
99900 99899
99753 99752
50 20338 23
50000 100000
100 0
17798 43433
47147 33908
5938 14108
7337 20710
31 16685
13654 40865
11706 13767
40918 2033
32820 11964
23757 12153
26372 15864
24177 36427
17580 49286
3155 12965
4330 5132
31355 47824
10714 7989
46969 22696
46560 37296
41537 26401
31302 43530
5594 20927
17536 18784
22472 47791
13585 2105
35483 1481
24600 41159
21874 13852
40714 42078
47620 13156
30497 27139
38302 5849
31394 20896
17063 3359
38240 10453
43210 47550
15347 5382
7643 16184
33409 43875
17008 3888
9168 26891
39288 39103
30484 15658
31668 46659
13440 6615
48523 33767
29351 40693
21982 30085
10 1370 3
50000 100000
100 0
30104 46207
45014 5591
49042 35873
34962 36188
38471 2893
17106 34919
32220 29043
6132 11068
10 1000 1
991 990
995 994
994 993
990 989
992 991
998 997
999 998
993 992
997 996
996 995
1000 100 363
92352 10922
33372 35766
29701 17857
35878 173
85641 80711
32813 31192
14338 53627
7123 72954
31034 66376
71068 30222
4194 25376
47683 9776
69413 78539
79120 12600
81251 23247
54715 87232
88670 98629
43679 28156
13933 37501
23856 84859
27545 31039
83208 99842
17764 62651
51407 53462
57346 61527
18388 40608
63402 74830
20206 18482
44525 2269
5352 73735
6045 65449
71401 10702
18607 62895
72642 68228
46233 96641
64488 48357
73735 46786
93168 70711
60767 17055
71140 26056
10337 48912
87796 63995
22491 91388
14957 13252
11154 20214
67816 98623
14848 6627
16251 33247
57975 31661
1728 82708
68798 65162
69140 98768
56118 95768
2868 75422
6902 32957
98350 56711
20325 77347
88157 82317
15604 59421
48277 57320
18706 88135
76412 21909
35357 15396
6872 17987
12426 30196
49523 23684
59231 72942
42150 48723
9303 84325
29131 43419
29014 90338
89122 26895
72987 56184
33077 92539
7698 59810
73406 28582
41214 53417
34730 60321
17919 75353
28325 24092
31688 16895
22143 38732
88961 96216
35991 26334
35470 29446
14944 58271
27874 83925
67834 49202
43720 75124
33035 74519
32271 78126
91712 18366
84832 58487
19534 82758
91678 59606
6683 66778
89136 4757
36293 34353
23233 22061
54388 46636
10860 42069
65720 27588
99814 23001
87705 47446
19042 95050
24062 11248
48363 28276
57004 34092
62386 61219
19383 38405
79807 98827
13137 72457
38279 44823
46307 86286
862 87275
35322 47787
66038 26165
96070 23696
51040 58490
95989 9090
36475 66435
93462 39130
80360 51470
677 65446
80942 63458
32139 22991
44214 86390
32046 48184
42867 73350
74875 30196
19899 57839
79992 49875
12724 629
85590 4178
84201 81175
51510 13754
99218 21156
99940 3291
93295 78793
3720 59927
11580 72573
42137 38586
3417 22785
54962 18128
14556 4560
47221 59663
78620 86941
75252 6646
12930 75791
56985 73715
92566 19933
4078 18612
31006 44915
60425 61735
76994 79850
27545 30549
20881 55095
45274 33230
84230 6374
30917 4267
54525 15614
89575 3539
9042 43950
8203 35436
14995 53746
58580 82229
65000 11190
45086 15035
93760 24650
49957 77672
96437 44568
65012 52760
8270 7280
19156 61406
49986 88317
46653 85424
89766 70449
76115 95941
21956 10549
62225 28249
30299 92038
55932 37593
24248 38711
84748 47215
98329 241
76415 38690
9456 84660
19664 95361
33733 23642
99013 73001
97388 88822
63716 12013
85442 42877
66691 61747
44135 72687
16318 9822
60558 41805
8310 38232
29255 81031
43595 99982
70882 55029
65011 5136
84981 72907
77865 10438
65352 90864
22125 20435
30679 42334
28436 65813
97974 52948
15784 80167
71503 6401
99909 91850
93870 57050
67080 47154
42271 46508
99663 98994
94477 25348
43665 53929
85595 37450
22660 74709
39701 8430
20546 80861
60947 75931
55729 60604
19464 7723
25864 72173
71 98710
37786 68562
97251 4008
89391 3349
72399 25729
82596 34809
38665 21181
50630 34016
2733 80002
30151 73213
56238 4482
91433 21052
93390 7468
68093 56501
73713 82670
86522 90546
82668 48969
41972 31003
4553 72075
18722 68618
17820 12012
28602 29971
13234 12203
75287 75072
20502 10300
43734 94084
95362 52402
28094 52520
5307 99444
36059 32852
1304 73487
21994 39934
86976 46057
32982 90672
64137 29408
98744 72508
5664 68342
78606 76384
41149 10527
15861 17928
26913 44616
9772 90388
98239 60917
93808 49188
61349 99336
65284 9575
56772 70620
87489 90373
8706 34029
4397 74141
68431 74022
75212 4299
23515 33922
69265 77565
12955 80705
99227 943
5474 16584
87175 34671
63287 4525
20448 68527
77953 99070
23743 38253
90262 67697
22650 48974
1283 10650
93160 88063
96903 52914
11325 33550
70751 47959
20218 94734
64396 32701
96574 51614
49928 78646
67325 53868
26459 23817
16687 13076
83043 82973
64754 80796
39958 92086
83106 20007
22229 1265
88576 99694
30843 60791
10197 66018
22469 25409
43987 81331
79475 19631
74998 62047
22988 35232
72076 22204
30608 12850
37477 39126
34639 79750
49412 87447
82828 91515
52631 5057
16717 66625
97252 27802
52725 71207
3967 69774
33079 79718
50022 44148
64689 98857
37717 47359
12718 42493
67770 78291
38829 86847
30176 35338
85621 28148
99958 9007
30199 94353
20404 48128
7998 15156
25243 6665
26128 84500
59182 61648
68277 4609
32885 29257
49475 56133
54156 68132
68067 34891
18309 80483
23716 41683
57585 53204
8137 44665
29119 24010
40691 28810
5299 39908
32759 48489
78329 81043
35558 9917
97556 21951
27947 78041
86198 43878
53021 59220
96079 78493
33956 89123
64702 27728
19478 65755
69796 38213
16968 83297
68376 69715
62361 84797
22939 38379
9637 28001
95649 55398
65116 5240
41810 16639
73099 61475
78881 15223
33407 2585
48323 70280
88511 603
36624 33513
23615 79373
10783 1838
71436 74560
15811 6148
77353 40202
43521 1861
59419 74314
18104 41104
20173 51922
36080 4301
90125 46302
22886 23378
83369 66206
46800 95194
93661 87117
467 13188
96206 59125
96310 34288
93513 4604
98274 8415
70980 60458
87942 31015
41631 67630
78917 53748
54360 7138
49513 26047
17862 88313
16694 61780
28242 27100
78845 83033
93428 26508
99149 31612
21771 31035
10107 27685
64702 9916
74548 20398
88100 3161
41819 90330
26230 30157
60416 18578
80930 24641
7247 19721
58490 85892
93639 40973
94626 11599
12862 65536
49396 16219
9231 65546
95897 68207
83220 39914
6409 72117
95899 57549
6607 23011
80728 69005
4447 76099
53717 84128
22759 82012
68858 40720
4203 66517
28328 73512
84788 70814
31391 79252
70106 56329
65141 94769
85649 27507
13910 42713
80828 63387
35046 1617
82408 91439
28485 87962
23901 5901
55021 35082
20925 64137
58315 89440
48135 67326
40180 55847
38702 18845
13896 10209
91282 46008
76527 3518
67477 31239
43142 67951
48352 62769
3155 77839
83944 81477
54601 77207
83203 44016
40976 81617
11778 6450
59878 49357
66212 61341
56975 68225
23533 93900
96643 60857
99660 49402
54443 58052
13985 73314
58358 18597
84686 69247
93669 95142
50772 23686
15799 18252
70580 53134
64628 71329
75846 10857
7933 2206
69462 86459
38257 35237
9268 39742
89862 18150
78624 32611
10233 55892
86367 15209
60581 50372
36578 36470
83448 55113
12681 81560
38059 87551
3222 2647
64766 6905
46031 2764
7347 47318
51972 44849
70206 65133
52657 57885
42407 28985
61591 80324
33573 14915
36836 35295
32932 88017
49796 69861
56537 37031
57358 40187
25902 20358
78396 52909
4507 80400
79933 55352
28357 97529
69095 1525
95422 94433
15128 57389
14545 56898
20532 87675
961 31205
95041 31
80874 35615
30135 87666
57764 78780
71648 32590
28500 10969
85065 62864
61043 4423
50405 82417
56806 89057
78545 19080
5678 83762
22655 12545
62124 47381
56609 6788
79986 62553
7269 64203
44747 18207
66461 85
14251 74770
45360 8378
28016 85873
68545 35497
94190 69507
45793 28428
24504 93064
11239 22683
45865 98790
29708 27396
46462 88314
15638 65152
51569 11654
55005 31044
71047 65521
81089 81877
39782 74817
39433 9063
98264 1914
55925 78751
84200 3867
19574 56882
71859 85741
80581 58999
70549 53415
66996 10616
72455 89298
23961 24559
14005 88793
55584 58187
97603 11771
82254 10465
12027 49127
70786 94431
53364 90119
53698 13961
91999 92536
50278 1111
19817 55538
90244 1647
36343 27751
67204 92361
42750 38232
71391 72477
57601 85607
74695 61818
88088 9703
63207 63766
60961 62818
51134 27937
82158 6596
51671 49011
68398 91815
62385 33974
7962 42021
86657 34534
99621 81400
86555 15779
30579 23585
99386 3239
94320 92721
2026 98361
90988 78572
89447 8392
52101 74285
79034 33216
71158 74552
24465 15644
32438 86210
63931 23639
8446 31983
52622 24496
13975 93246
51487 46215
24615 51343
16770 69462
73833 99336
18943 84972
34218 47426
67144 39896
77815 33337
28758 46984
60461 81584
67241 9772
73321 5850
27579 70617
56346 86655
94943 10672
87870 42763
82793 18839
41981 70467
87433 30725
78147 64781
20122 62108
25370 58353
97492 57426
56599 5987
28617 33197
98583 41230
13033 3325
34988 54232
61601 43030
56286 29139
51065 53306
64114 86707
12710 85051
29791 96381
58753 56620
65453 7155
56848 37629
47735 93616
49677 18374
62731 39154
15244 62090
29653 62933
75507 22105
76216 15388
59383 9882
45421 33155
754 66528
18574 52723
88901 95324
59669 6009
70468 54896
90558 52572
79118 11703
24474 46405
77360 16394
57916 18382
29080 91772
58261 86428
30131 29428
45800 15390
27460 84830
19894 35191
14148 1020
45144 53057
43845 79340
17073 91371
29714 8058
482 91525
324 97282
87290 74440
10985 75943
84306 85273
79992 84612
46221 66213
44950 85122
14395 28708
33050 77870
1827 84978
39938 3577
75542 24477
9422 61559
79832 7008
83576 90307
14326 2379
86667 75619
51223 7825
13563 43061
22228 42263
19090 9452
30003 45161
18955 92916
80709 29313
2687 92823
2125 65311
33922 167
55093 91005
99216 22275
62606 30047
96364 51056
26553 70759
40769 34861
74528 13361
61666 68730
42941 1048
27265 58785
73771 10024
99891 79347
80179 27118
30708 96751
74785 12974
33347 90800
33725 45531
11321 68355
88706 72854
56585 5454
81900 60313
17291 28182
19744 89781
73899 94844
56342 61066
51748 4044
47565 8588
61403 40306
47576 60124
49532 77122
83418 45924
93551 68630
20775 1976
90805 2189
60433 82786
14255 58020
28332 3477
76360 38518
70840 67909
68886 37343
31558 57973
82432 64960
77289 24186
861 53826
20826 97539
90915 58746
23787 78841
38301 16773
405 70035
31889 19402
20967 84226
60562 26713
42281 66677
15290 81604
65331 98355
74905 54743
7858 11859
27464 16968
1596 17467
71457 82602
34313 12439
79115 5871
61392 67722
73807 68013
50794 40925
45820 1721
42589 35506
41679 96647
76735 76841
25358 20093
93138 44241
52611 3604
50525 17593
54499 77506
36912 50318
97112 5996
74869 84974
86803 60998
1986 6461
26941 85848
44182 35318
3722 95128
68745 88877
6023 33987
4499 87162
44429 88680
61636 5632
33214 46059
11967 59120
16972 96268
65089 71662
8104 9727
48635 59096
51118 40114
76541 24632
30188 28316
41630 69357
3889 3091
38070 7387
90302 41358
68194 99704
69160 47930
91947 29041
2462 1363
68673 58204
26565 61029
71129 41137
1393 98436
49171 46773
86893 2363
43844 89096
34811 84882
26223 17460
34040 58417
15540 28691
12537 98140
6616 48442
44104 75078
64807 8927
41542 43241
50889 70182
96969 1845
31118 98399
74216 8936
74674 67354
58588 85300
4583 2549
71470 62986
65730 2645
34255 58965
14288 60158
72686 30677
44519 92189
57126 89435
67899 6321
10397 54773
21048 71031
33921 27558
61469 96652
89388 82284
1187 67469
6312 28727
42149 19593
48307 59745
28642 54454
35739 67670
3672 27011
53938 42
21077 28006
12315 78781
39770 181
88837 19397
29177 26743
69384 18830
55306 57673
32028 59939
93254 30452
78531 44208
7272 25097
10870 26784
16661 67429
24693 88307
96534 78780
59996 19996
73524 25813
1969 31918
15773 55635
41458 18757
5260 89719
11559 45100
86991 71660
44505 13163
61234 12869
75654 31356
30332 62439
92764 7700
10090 3920
39748 20094
74904 75521
79157 28491
44815 7912
21454 86309
8314 32965
89808 64801
79338 90767
97622 802
7991 69354
87971 3153
74733 13
78933 82057
3391 56095
79275 96064
16636 13701
34139 15052
69837 15943
17844 85860
28985 82821
73433 43187
20215 59001
47064 45123
56450 86180
17246 36737
75993 17219
76553 52232
93633 62027
64151 54454
70605 10896
89988 10067
98865 88313
50782 78140
30598 866
92169 5001
42165 53084
79768 52600
46497 81305
86655 44608
99250 88869
31399 93805
91875 82364
45729 14582
95115 21520
11011 42602
27068 16555
84082 19636
81014 15212
20846 15155
16261 7571
96687 65082
59677 16481
25605 50162
82618 60463
23447 55258
44746 6710
51549 76936
65707 70478
75399 80760
57109 31000
53638 90150
94475 546
25588 72134
47047 86616
41851 39218
77460 40949
10884 29959
52435 43682
70583 19172
2533 68484
13900 72459
10045 58584
43094 54898
85757 40273
69735 87193
38663 92255
65979 12774
91718 80830
60551 80124
85077 80429
93361 46840
39903 26945
21911 97126
31643 75061
17007 89460
96297 98158
23588 60818
74018 4523
76329 89769
71823 72851
23573 44500
19902 1328
29275 70119
38158 4423
61290 93024
38558 80274
57934 13762
3622 27335
80471 69379
17813 92344
77177 24141
37612 86349
92856 86224
27552 17701
35208 63713
63836 45424
65478 31894
80383 43683
37206 24053
55090 43513
14896 98936
31779 21095
100 100000 9
99907 99906
99997 99996
99994 99993
99976 99975
99981 99980
99928 99927
99934 99933
99943 99942
99931 99930
99991 99990
99919 99918
99970 99969
99940 99939
99939 99938
99988 99987
99999 99998
99995 99994
99959 99958
99923 99922
99973 99972
99962 99961
99938 99937
99986 99985
99921 99920
99958 99957
99993 99992
99937 99936
99908 99907
99901 99900
99914 99913
99946 99945
99982 99981
99900 99899
99966 99965
99906 99905
99975 99974
99996 99995
99950 99949
99932 99931
99930 99929
99963 99962
99971 99970
99916 99915
99904 99903
99977 99976
99917 99916
99989 99988
99953 99952
99945 99944
99979 99978
99911 99910
99967 99966
99983 99982
99980 99979
99920 99919
99947 99946
99965 99964
99944 99943
99961 99960
99949 99948
99952 99951
99924 99923
99905 99904
99998 99997
99969 99968
99936 99935
99925 99924
99964 99963
99922 99921
99972 99971
99918 99917
99992 99991
99951 99950
99941 99940
99912 99911
99968 99967
99915 99914
99987 99986
99984 99983
99974 99973
99978 99977
99990 99989
99927 99926
99948 99947
99933 99932
99926 99925
99910 99909
99957 99956
99909 99908
99985 99984
99902 99901
99954 99953
99960 99959
99942 99941
99935 99934
99913 99912
99903 99902
99929 99928
99955 99954
99956 99955
5 100000 5
22150 21096
33147 76558
6209 16745
40761 52378
54706 66163
5 100 3
24259 78523
31478 54026
42229 92572
30995 25743
75077 84365
1000 53546 753
50000 100000
100 0
17147 45989
10991 1528
921 47569
35162 33329
31841 38310
41048 20423
18422 40506
30332 37873
1658 32251
45906 492
48738 15293
7667 10144
249 32571
29463 9600
4731 26470
21733 11230
7954 26949
4244 23795
4148 3302
17170 32287
19458 746
722 18894
14573 49730
37554 22586
28259 43486
21090 43111
43318 10179
452 15840
36969 43355
20263 24834
3957 49164
28066 28997
972 10176
5312 37130
29495 23931
22134 43804
39914 8157
18185 48082
15813 266
14229 4730
49369 21484
19670 10019
18125 39415
3941 46094
16194 27997
38636 40789
38251 46908
4284 39209
1376 4890
41738 3093
49926 2095
3333 14875
32057 35772
32461 31507
18159 25129
31004 42844
22384 17384
39980 47554
23567 33660
20682 29280
17421 17515
47047 12157
41969 25101
7176 21658
49027 7351
18373 6879
9261 41316
13599 33364
19432 4419
42828 48846
43589 48285
38321 44536
43960 45211
1787 49817
39880 36690
42223 19249
11092 30905
37760 32278
32018 7902
33649 35347
44900 21907
7467 10443
1411 37270
44329 27533
15363 14203
25776 2156
33475 10050
20672 13830
7910 41380
31212 46193
36601 14576
4108 3142
283 9525
26511 34504
16734 36528
3320 41582
5391 9798
6231 35705
4180 8253
13611 38068
5223 22186
25100 39198
14177 44405
43033 47867
25821 34428
70 9316
30561 31995
19532 18557
39629 32103
6837 48239
13012 34924
30714 2929
40797 19373
11282 10194
47300 14054
24753 43386
11890 47798
13440 31409
2343 18469
18980 40946
48145 12929
36839 41231
13390 29722
5008 49199
44009 18347
35366 29220
2951 36007
5552 32347
8074 30007
27544 26359
20181 30088
48912 16602
7307 34536
23101 40724
8404 30529
19391 9585
26767 1026
13258 49441
41792 2240
5179 44103
30319 21744
34597 16248
49466 7050
15109 41062
31200 31923
37334 1020
15801 39296
9602 19151
40761 6828
15933 42614
46234 20329
16415 23436
1053 8064
33184 10393
45437 4158
15621 21172
47743 35954
28586 25418
12642 14809
2989 18044
4623 41625
2129 37327
27938 43452
3699 19670
19303 7629
47538 48549
31510 36078
4489 11255
32648 39949
9371 25911
3754 36439
37477 31431
6309 25180
13443 16030
4045 34448
11426 39003
28256 21036
42111 31751
40957 39506
39696 41142
44377 47511
23521 33301
40663 46186
2246 5861
19736 16508
49122 28257
28648 40229
7434 14050
23005 30114
27741 24588
45403 48702
49456 36129
41882 28859
12445 32329
45472 41483
46341 34851
12402 11508
19571 15393
3321 11692
43020 5327
42858 1077
17447 26361
22949 11822
12999 2443
48217 17537
46251 44901
27002 49459
11643 6539
31070 30202
41390 26611
31563 37631
31956 4412
25597 29882
12525 23419
26029 7919
25515 48742
49375 450
2839 15568
40195 24074
45604 46892
6474 12085
43575 21512
21995 6954
32714 13391
13006 45859
45587 19304
7418 17378
12962 30376
36568 41796
33825 14255
5194 48588
9131 43725
47596 28869
38885 40372
9831 36502
15658 5136
16558 30923
7882 36109
35906 29579
8747 3821
32069 4464
4313 26753
25979 10722
10767 28651
41695 13753
22246 44346
44027 35542
31500 28100
33334 9553
46955 33047
41162 24267
29791 39147
33230 26945
45006 39615
30479 27980
17868 26858
24959 14011
37635 42222
37676 25903
28545 30808
20076 2822
7076 2020
11352 29126
2428 2077
45109 26456
29424 24562
22656 33583
29571 43821
34786 24632
39612 8157
38312 8062
12900 3873
22660 39551
1418 1991
2858 23983
2096 23166
22198 14525
18146 33315
4771 33519
9254 6634
49365 38070
22266 42308
3788 5416
119 11606
5497 14146
36529 43061
37675 10018
10732 42230
36443 41634
20324 43084
46864 12501
40981 44354
47875 20127
27007 40266
29286 5137
22039 16173
14554 10763
12770 8350
40571 27910
14055 4490
21967 4298
43424 36913
10125 15994
29005 43830
19235 38203
17585 28128
21193 27453
5972 31843
4764 20740
28426 47063
6396 45890
7068 13972
26021 4782
20997 5487
49951 45317
44254 46881
43422 36924
30325 38420
46679 11308
33653 21047
5089 12192
17304 25453
574 38927
37647 47307
33510 36198
32222 10336
12681 8709
13591 8186
44697 48578
46748 31866
16427 2531
36632 10293
42234 25642
35516 32260
7865 13450
23551 14078
32585 15548
30417 17961
3452 17467
38358 22918
3181 47386
11602 30090
48291 20996
9638 35053
39388 22616
46045 10001
25017 38976
45497 44030
30593 17303
15784 37077
22006 3428
14476 44482
10660 7835
23670 22179
21581 4988
27370 33403
46031 45208
22275 2806
39297 1985
43410 6147
31768 10254
49654 42242
47342 34096
5621 5704
37599 4142
37539 6415
12404 49991
14325 11763
12736 1406
33627 17533
45151 1209
42249 41819
10251 14570
47001 17014
32139 15544
43204 30151
31086 22436
9720 31340
36614 5075
28481 21609
45390 11574
48612 37625
2486 49870
17774 39232
21273 44811
24040 21934
36224 5115
4331 16618
11684 7161
1924 10520
10112 44855
3093 13553
20193 8578
47340 38909
36775 24868
20389 36240
28305 32920
8049 31053
9177 32005
2931 26632
12609 43597
43992 265
20802 21384
28595 36988
5296 26791
37422 17346
3623 29760
18512 2091
2405 8758
48405 25513
14545 13538
20554 48601
41518 38768
25109 35956
7239 1587
42687 22384
27759 18751
32103 2355
42759 41998
34769 20195
29042 43163
7404 1009
23464 36124
33339 45372
30259 47667
15346 34905
35892 23542
34305 20888
28508 34542
48703 13708
18753 15063
15962 36485
27421 9873
25512 12609
20336 16109
45382 49288
31665 20810
28774 35113
33872 12108
34345 10281
18791 29813
36215 24357
37550 16887
15298 24717
19014 29248
31546 9509
19077 6224
14468 2552
1525 32260
46050 46145
16734 17984
25796 38270
24834 20129
24342 19975
30754 33045
37664 780
24126 8302
1921 27334
41070 13735
38487 17574
7967 31570
47762 42126
1313 14563
8552 13420
5797 26616
24368 15309
45674 31411
41469 34557
46297 7242
26698 36618
14676 15099
44212 9393
38313 49126
43694 2433
2772 29229
13631 36659
37948 8397
49515 12371
30203 47417
3004 34873
19169 31806
44201 28428
36277 1250
35013 3922
30054 32198
26178 27560
4061 11827
26832 12914
43416 31971
554 45432
11515 41098
23878 20544
22146 26457
2093 4482
10883 48038
28235 24004
39161 29249
37038 1998
27180 44464
11533 9370
26024 9940
6753 39641
14962 40724
18724 3373
29900 167
25813 11276
38202 13390
18403 28935
49497 35439
42119 32650
39941 21138
42572 47188
19671 26914
23797 49207
15786 23001
10513 19348
33784 14848
3304 23774
30966 17620
45317 6649
10178 19861
36847 42293
14807 7928
49833 38521
42271 10436
39941 47381
33865 29253
44611 11502
49305 29428
29464 5360
39609 33523
8540 25975
18278 12173
16639 26967
15900 28287
23972 18985
3435 27660
40833 39324
5642 8603
22199 25497
33332 5728
24251 21475
4099 44699
32423 29014
7599 29698
28115 2311
31438 19572
35881 41586
38558 27554
13201 10864
31037 13927
4014 36621
31866 15185
34493 23986
19301 30267
34014 42173
45254 26782
38506 8534
34699 46196
18356 45833
35920 37735
31480 21775
14000 32720
44353 33402
36622 6540
33011 34360
47591 288
4811 1375
48483 37329
18928 31059
15996 43538
45921 29958
27839 41361
47577 40708
6184 13164
47980 18922
32164 9422
41806 37409
33519 34872
896 29908
31121 46025
33516 643
46390 31614
20707 13862
32676 23898
22868 38760
26138 33647
20535 45492
28083 46229
44262 12862
2254 25096
40740 26262
12307 12537
16966 5597
31107 43816
13364 14068
37134 4729
1553 12152
27745 29900
10858 34593
29133 5494
23631 5324
2842 20860
2504 7411
31638 47519
44338 7920
351 26075
25045 31249
47432 17691
18188 48262
20809 28865
11292 41197
7659 29696
4355 28219
187 45593
24350 23255
20984 37856
44299 28795
39990 6690
25849 8918
749 12584
35044 35890
21995 42968
5409 24638
29557 15573
37785 3910
32840 49041
38680 13630
24184 33739
20775 4750
10899 24071
42570 20407
15466 17888
37073 44215
15631 40439
3748 37112
14939 12767
35264 28114
18385 39719
24759 19958
31876 17144
23063 21657
24339 21978
19910 12608
15338 32791
42318 7721
19560 40618
20152 49672
44685 11381
28602 6841
17878 2412
916 39581
10426 2269
37495 34882
29671 983
36774 25247
40337 1628
28790 42711
24241 14548
13415 23929
48492 46037
25347 18913
31309 49817
22641 14237
41046 3496
34249 8787
13997 39977
22823 39927
30681 21395
19175 40799
17959 43610
3907 31654
15422 35743
34488 6741
3178 19707
42692 13291
44672 7386
27756 8124
79 42616
32613 6779
20887 19967
46352 8921
29398 35622
12520 18448
9971 23522
9039 47795
14193 19793
6665 46946
15994 8855
2055 39938
36826 33023
33029 28400
7898 29859
6994 6820
46970 39893
16118 9559
12976 25986
10604 47849
49218 11547
7227 36798
28325 30854
40219 49764
34898 29598
25794 29160
47802 33535
42453 33077
20110 22235
4726 41116
32836 37251
8658 10271
17724 10623
39171 21780
28036 49107
13604 1346
18803 14020
16214 5575
42041 46393
38557 32000
11236 22096
40013 28437
26568 39387
40882 31561
49050 38303
38384 48214
28913 8773
16978 45008
8886 47500
9920 46069
15577 10401
17220 16365
31766 44086
33032 45388
22409 3548
29756 15519
28998 47958
13867 49644
44738 17349
32271 28287
25407 4974
38725 16929
4346 13106
27338 18148
43409 49346
38827 22077
46548 34681
9962 30433
29452 37434
28644 35306
25409 36006
43091 49056
47364 1483
16383 29795
9122 11132
35408 34823
44331 19993
25186 45967
6585 20011
22939 12311
1174 6740
45624 19924
3472 48800
964 20448
9228 20309
32582 40853
2471 20238
25971 46755
4452 12870
31848 17056
637 24491
37439 20266
40626 44388
37913 14326
24961 4316
27313 543
28630 14828
46463 3934
40340 3909
31518 19034
26787 23777
28728 13914
36622 26183
38038 8417
39194 14773
726 28505
271 8917
14953 12051
44353 25428
36853 28553
46982 235
14960 35914
13510 30254
38081 32078
33633 41861
35466 5565
23247 7684
3898 6258
48976 34177
23182 6993
26713 48303
30488 49318
37862 37867
21173 44803
38042 48616
20091 1600
42313 45884
24100 36297
21386 26173
38879 1806
1900 6005
32208 38696
10026 6096
31335 18531
36300 31102
17792 7560
5442 20389
24312 37384
11329 14680
34423 11688
14493 33998
29247 219
49067 29094
29548 41204
17668 43252
26346 40118
43454 33036
19407 16680
32448 30804
37045 43683
12109 18486
13447 31089
13994 30679
32240 40412
30985 35441
21368 32557
4835 39694
31381 37657
46244 34152
48552 11925
38761 35825
46678 1371
43754 2769
31689 36526
32954 43584
36101 38243
17406 21614
12173 8207
18523 45044
4388 31196
46382 44009
17774 41105
6054 35453
42096 4438
1287 45634
49555 38886
21695 4823
12665 15397
38147 49197
27812 26275
35688 35352
46118 11116
47755 31475
42945 3029
48036 15296
25381 26772
7998 47760
44550 47136
32253 13204
20558 8781
13922 4016
215 36813
3930 29049
34949 38292
13345 31703
38269 25497
43419 1757
6161 31203
14463 25922
35394 17713
36555 4427
40955 16021
31986 8268
45237 21084
36169 34124
14754 4936
46477 46443
14013 1524
1770 66
33 6537
15700 1350
49188 27889
41188 44093
4751 45962
4536 31402
8600 24786
48938 43414
28257 1192
29356 1424
29145 43870
26120 40332
25884 9602
19681 1694
37757 14417
17130 40732
6361 18534
11024 10894
22817 41649
29060 18158
28519 47004
1181 35534
8295 34250
26000 31099
28211 28730
35969 44195
4153 894
11213 49760
32456 33704
36967 40524
19768 7068
30944 128
42217 4933
6661 31974
38454 37776
43331 39339
46944 8978
25321 49528
39532 14044
22698 35432
8182 42290
44673 1494
8934 43791
1262 30652
42128 6203
26000 15049
9865 29291
36034 12857
25353 33902
33583 12728
45014 20199
46952 19496
47389 13379
35236 1899
45897 44179
6913 32634
14335 746
7404 40398
132 11982
16994 22163
12392 6016
1713 9680
48349 19499
23528 46085
13758 11687
340 48420
35574 26357
3312 32888
19571 28890
8490 20369
43154 40795
23303 38900
48707 11928
28492 18201
39777 39997
41961 34942
2670 33878
47547 41386
47508 38023
14148 25153
49298 6877
21792 10729
10524 38163
14878 38279
23572 19472
3676 37300
14972 37976
1640 12681
9385 13980
39796 29675
25666 29225
36487 20973
27665 21866
12434 17607
23778 10157
39577 31134
8670 17080
32376 8556
265 32377
10840 2609
19503 21548
45093 31308
22296 3060
20828 16665
7221 49172
28102 40166
28146 38321
49190 16955
46957 46159
7635 12370
45013 29967
50 100000 3
71726 93899
48331 81887
88870 12868
3116 27938
46698 17209
86731 12404
69340 13897
8917 35216
75854 11120
97888 98505
72542 56787
78758 87322
79121 60743
28432 56114
71699 72673
86612 32696
23991 97942
51775 6365
64320 41848
57179 91495
46717 32836
74845 91270
24926 10564
63114 89449
86417 44258
27680 94328
97380 46677
77820 68345
34590 48061
79043 52720
79316 27517
26921 95807
54137 4831
57228 82990
34259 91820
72882 88787
29668 65930
37006 98536
38174 89382
38358 90702
3041 43784
70553 57729
9650 34367
85120 97222
71444 19684
58279 8809
96819 47866
6745 20911
27213 22186
14840 91166
10 167 2
41 34
46 38
30 18
39 6
35 52
33 38
5 12
73 24
80 23
69 46
500 35547 354
50000 100000
100 0
41216 24140
34175 29012
25915 14632
10930 19925
46963 10786
32672 41527
29012 4323
13872 23629
34228 36992
31185 30763
38122 28153
8537 24423
18295 19763
12141 23886
42121 29126
49837 952
31150 22781
24462 18232
1071 5404
32659 22372
17874 43270
8853 21556
42984 26266
8068 28164
29051 2606
14223 1826
31580 43625
12951 17239
24737 4338
47501 11635
14517 47361
24359 43524
11733 22967
4684 8525
32321 30337
37536 4565
7648 37444
13556 27316
31283 18172
4243 32519
16453 6098
47537 23641
33767 34601
47045 41739
15693 26875
49880 25803
14819 28179
3515 3968
30536 16382
9828 17886
13225 29129
4583 15247
11975 25938
49430 48788
44682 45546
16084 14400
40593 43534
16400 42434
9730 11599
12658 36092
43189 8275
31691 39613
42213 25997
44425 32188
14692 38020
43912 13048
8527 2132
8323 14952
15565 38100
37919 47293
30052 2574
46798 48537
32891 966
40969 7794
40873 41895
460 37095
2878 35669
38818 45208
20744 32587
49073 42379
20313 21455
6349 31209
8187 49770
13031 20890
2082 32299
2398 32909
24139 27643
36412 46075
33516 44864
14352 36614
43431 20659
2565 6159
13959 37856
12218 48957
27506 13733
8204 4676
17311 49516
7892 13292
20410 36369
48640 11714
26509 9129
35940 2169
9538 18540
19240 27481
21995 7355
5895 40890
39852 3328
15152 49743
37568 25383
49962 18746
21167 43340
20509 5764
25145 49025
2515 18672
16957 18346
45301 36176
23683 18428
41791 44378
25432 5811
25437 33894
41578 24188
42325 38034
31202 5649
30212 23114
11906 11753
34986 30450
29812 13596
49095 21200
42569 31689
6943 36645
13024 46849
40084 4016
41041 40848
23523 7028
33885 3761
33581 8699
31290 47902
39200 9558
48065 32582
17057 41680
35186 12021
7227 20141
36817 4861
10513 21115
17971 39558
24959 11467
33859 29308
49458 34591
21929 38194
45945 21220
43440 15928
16770 19987
35184 40248
4621 16635
23037 8552
586 39607
30057 43923
16489 33401
27385 2382
17500 5442
13905 43774
6243 21009
12340 25886
15095 18055
21075 44365
24329 7165
42640 31795
24747 11613
29235 22701
17794 22217
40212 39800
17782 39623
29454 4655
13686 49748
14313 44397
32290 18598
7141 46006
22951 1689
11287 18220
24604 29148
48403 43057
10320 8129
17022 4677
44355 16487
14751 46059
19059 9854
775 4732
16444 35713
13899 36484
29297 2674
14591 6705
31155 47314
18424 46965
5778 38713
2198 11613
8522 4458
37967 35099
49508 19294
42932 13325
38829 13087
22025 30197
48538 23697
3074 1883
13707 43571
35298 25846
47758 35733
23632 37235
11001 21605
25104 44491
31483 38866
38593 10506
12495 32348
40516 33291
8723 45370
9495 28033
38832 41181
30790 7717
8282 48383
31197 26116
11918 7070
46173 11493
37854 49934
28813 44864
8920 80
38780 5453
45167 47974
41992 11506
47311 10275
25266 15654
10111 28025
5112 13911
34054 5028
26102 30208
49875 26287
25707 13163
16981 48289
18048 37416
2313 47658
37305 29417
30989 47462
30562 35616
7305 12864
46321 8989
2565 26036
48160 40251
22173 47619
10343 37532
29936 24400
8610 38733
27014 10484
35435 14983
28012 42574
19450 2867
46509 27711
40124 48162
36629 21735
18765 32237
8270 4540
2693 15837
7712 10281
43955 45437
243 26779
4069 26323
23222 28152
2222 14381
13559 1780
20908 8834
47317 14413
29165 2238
25301 11431
21277 32649
12545 17088
2686 5606
20490 46034
48046 36515
2767 44752
23710 44818
13800 15538
24731 29362
47689 4269
33036 32806
27821 46324
22147 33140
5519 4064
32329 44868
25920 11132
6744 37133
37326 49611
32954 31002
47917 48161
30547 34312
20760 42169
20139 18589
27385 43129
44583 24280
23042 8288
4567 13109
27655 45378
48326 20816
26255 37163
7801 21848
8368 337
25698 26632
25653 4390
43035 17475
40425 10054
26584 37005
18531 6496
27031 36463
22306 47782
38409 32084
45123 43214
8621 27950
10169 3211
37186 25577
16042 18024
2354 13906
11839 46332
38431 24714
14992 17993
20500 47906
9010 21669
11245 27547
34793 20056
13935 25287
5412 26237
13772 3193
15427 23168
43314 698
23286 48659
34985 36830
18956 22104
30293 14134
34461 26516
37800 41060
45347 10139
21091 48141
41989 29596
44620 4972
28022 12234
11822 48382
19966 5716
29436 35407
13961 35593
7067 37231
38443 33987
10229 16477
25628 16728
18226 20184
17711 16328
45057 41562
32711 14616
36938 44069
3555 42473
43259 37135
49421 20877
5035 13051
31302 43035
32596 12281
4016 26000
25756 37025
35606 6280
29755 36926
9418 14949
44203 22439
10230 213
8550 16439
26146 32637
45962 4926
21048 36026
24427 1606
36381 19841
37430 28083
33700 49374
31596 19539
26895 21237
37738 23103
42406 41517
24108 49579
48753 49611
31838 40384
38824 12730
30416 14291
12828 37448
49710 11382
5674 30804
33621 31551
45791 25517
18544 21935
26838 24788
7604 19317
14891 28786
18105 27531
37321 49384
21708 20651
44353 32476
3131 40726
6681 34599
49294 15510
171 9022
20202 2953
8045 44298
18834 21949
37395 6672
10625 27056
6424 24419
974 37340
19531 9115
8270 41386
13233 36803
49345 2241
27579 18166
7782 8337
12697 27340
46636 15778
48093 5307
797 27925
5974 34596
19701 12716
11847 5551
31103 25218
34624 20257
9284 13922
41524 22567
40109 6046
6866 9391
29588 42592
45202 29755
15414 33486
49787 47620
42657 25596
6933 5341
30454 28323
32241 34136
23523 13554
7577 43971
23554 3038
14607 35416
30931 32187
43670 24349
22176 18552
37360 23581
8214 32221
11165 36316
43578 33544
10121 8580
34381 40572
45367 27125
8839 21364
45501 39473
11456 33989
26209 4282
38939 32755
22306 7882
31407 10789
16009 15846
5137 23394
23750 19925
35459 31873
17749 6114
31403 7958
21617 16011
10690 32242
29197 13395
29541 31682
8197 35293
7896 25795
38715 44348
6402 14533
24951 33357
16817 49699
22026 17207
35601 15384
46040 21437
21515 19399
3098 205
35496 6984
39851 13907
44389 571
9825 26406
20771 39583
14642 32109
46752 14369
42571 21419
16466 12573
29254 12399
31132 27697
44094 40978
43778 30660
14619 34210
8479 49633
46028 22856
38519 17299
21364 14910
42368 17927
30292 278
36047 19061
48492 13972
100 100 72
60795 38120
88670 48456
27232 62147
456 54132
33525 80873
4276 47493
20099 68057
50128 25105
48511 40118
16146 2233
41810 3795
70809 62316
61509 69098
68437 85335
47099 38942
77205 68213
54374 95988
72386 44611
78195 40376
79872 90111
37454 80460
10403 90042
36473 36634
4434 31800
65956 30156
15691 22411
738 21174
85275 86327
12442 75863
84454 32528
70123 69562
88157 40830
74042 71868
34386 84830
80842 39727
16051 1225
28946 18171
87180 94055
21873 64917
9619 22397
90082 26090
55453 24518
82961 80985
46791 46354
1380 45678
36767 2925
26775 72090
73251 83205
94965 38990
71793 32785
16010 4514
20723 73597
96328 20863
4346 44037
95495 56148
80685 55461
56465 73953
74490 44611
33003 84193
27520 96995
98166 77599
61973 32948
51734 75407
10430 28934
20989 14178
74962 43948
9726 66120
6841 48758
24068 50895
74938 25722
2245 48279
83812 93890
68595 17797
74291 75211
69448 70725
66882 9873
64506 83778
52055 72147
73134 6090
21127 90002
38974 29980
52769 64105
11619 99620
45070 71500
34734 53160
40522 19725
30445 78319
78961 47830
32888 51826
45562 34095
96316 65590
11212 91948
96684 5259
65893 75099
65898 75880
62289 51224
46678 79992
22928 52223
20155 60144
25628 936
1000 100000 92
99479 99478
99611 99610
99644 99643
99473 99472
99119 99118
99692 99691
99874 99873
99036 99035
99775 99774
99291 99290
99177 99176
99222 99221
99370 99369
99418 99417
99673 99672
99534 99533
99106 99105
99453 99452
99971 99970
99318 99317
99787 99786
99916 99915
99549 99548
99730 99729
99363 99362
99273 99272
99267 99266
99615 99614
99863 99862
99076 99075
99220 99219
99610 99609
99508 99507
99628 99627
99232 99231
99921 99920
99487 99486
99671 99670
99773 99772
99452 99451
99516 99515
99531 99530
99884 99883
99456 99455
99805 99804
99712 99711
99282 99281
99360 99359
99448 99447
99723 99722
99736 99735
99957 99956
99390 99389
99864 99863
99185 99184
99324 99323
99759 99758
99186 99185
99083 99082
99289 99288
99238 99237
99105 99104
99447 99446
99061 99060
99523 99522
99835 99834
99449 99448
99878 99877
99941 99940
99080 99079
99753 99752
99798 99797
99172 99171
99278 99277
99437 99436
99880 99879
99501 99500
99704 99703
99210 99209
99675 99674
99277 99276
99603 99602
99707 99706
99425 99424
99746 99745
99159 99158
99984 99983
99944 99943
99646 99645
99202 99201
99548 99547
99663 99662
99763 99762
99650 99649
99194 99193
99601 99600
99113 99112
99247 99246
99883 99882
99968 99967
99695 99694
99426 99425
99992 99991
99411 99410
99170 99169
99922 99921
99283 99282
99625 99624
99738 99737
99174 99173
99253 99252
99716 99715
99708 99707
99979 99978
99120 99119
99987 99986
99430 99429
99385 99384
99782 99781
99609 99608
99931 99930
99665 99664
99431 99430
99338 99337
99657 99656
99614 99613
99471 99470
99510 99509
99691 99690
99867 99866
99742 99741
99361 99360
99889 99888
99815 99814
99125 99124
99553 99552
99005 99004
99239 99238
99619 99618
99467 99466
99183 99182
99402 99401
99745 99744
99413 99412
99051 99050
99463 99462
99930 99929
99358 99357
99412 99411
99477 99476
99634 99633
99991 99990
99252 99251
99497 99496
99167 99166
99053 99052
99089 99088
99108 99107
99891 99890
99630 99629
99344 99343
99261 99260
99292 99291
99357 99356
99710 99709
99031 99030
99306 99305
99950 99949
99400 99399
99046 99045
99302 99301
99255 99254
99087 99086
99772 99771
99834 99833
99060 99059
99052 99051
99474 99473
99215 99214
99706 99705
99351 99350
99006 99005
99419 99418
99056 99055
99841 99840
99010 99009
99564 99563
99599 99598
99700 99699
99103 99102
99356 99355
99211 99210
99990 99989
99266 99265
99882 99881
99216 99215
99149 99148
99095 99094
99913 99912
99743 99742
99951 99950
99480 99479
99184 99183
99939 99938
99381 99380
99314 99313
99368 99367
99417 99416
99414 99413
99908 99907
99364 99363
99427 99426
99535 99534
99848 99847
99886 99885
99329 99328
99778 99777
99371 99370
99767 99766
99147 99146
99460 99459
99141 99140
99459 99458
99395 99394
99257 99256
99962 99961
99262 99261
99849 99848
99823 99822
99860 99859
99902 99901
99309 99308
99518 99517
99727 99726
99070 99069
99102 99101
99085 99084
99450 99449
99613 99612
99974 99973
99162 99161
99148 99147
99168 99167
99346 99345
99298 99297
99881 99880
99279 99278
99387 99386
99574 99573
99829 99828
99197 99196
99235 99234
99943 99942
99494 99493
99989 99988
99721 99720
99953 99952
99623 99622
99323 99322
99822 99821
99233 99232
99645 99644
99455 99454
99131 99130
99436 99435
99926 99925
99633 99632
99846 99845
99506 99505
99580 99579
99690 99689
99492 99491
99389 99388
99367 99366
99491 99490
99488 99487
99218 99217
99741 99740
99067 99066
99274 99273
99537 99536
99369 99368
99227 99226
99484 99483
99592 99591
99851 99850
99728 99727
99154 99153
99446 99445
99855 99854
99814 99813
99244 99243
99093 99092
99293 99292
99713 99712
99048 99047
99796 99795
99017 99016
99285 99284
99201 99200
99475 99474
99139 99138
99366 99365
99569 99568
99915 99914
99372 99371
99666 99665
99341 99340
99320 99319
99792 99791
99409 99408
99012 99011
99637 99636
99596 99595
99301 99300
99111 99110
99586 99585
99246 99245
99581 99580
99925 99924
99468 99467
99963 99962
99319 99318
99937 99936
99268 99267
99998 99997
99038 99037
99587 99586
99638 99637
99512 99511
99720 99719
99443 99442
99489 99488
99166 99165
99563 99562
99043 99042
99073 99072
99847 99846
99397 99396
99354 99353
99041 99040
99391 99390
99542 99541
99013 99012
99240 99239
99483 99482
99696 99695
99129 99128
99286 99285
99281 99280
99698 99697
99758 99757
99055 99054
99100 99099
99126 99125
99124 99123
99039 99038
99797 99796
99964 99963
99853 99852
99811 99810
99327 99326
99845 99844
99078 99077
99969 99968
99234 99233
99287 99286
99399 99398
99515 99514
99790 99789
99622 99621
99832 99831
99687 99686
99982 99981
99536 99535
99932 99931
99966 99965
99655 99654
99909 99908
99620 99619
99096 99095
99946 99945
99022 99021
99110 99109
99885 99884
99365 99364
99300 99299
99786 99785
99669 99668
99961 99960
99438 99437
99545 99544
99994 99993
99248 99247
99173 99172
99734 99733
99976 99975
99470 99469
99407 99406
99104 99103
99029 99028
99907 99906
99875 99874
99825 99824
99514 99513
99310 99309
99312 99311
99761 99760
99416 99415
99924 99923
99190 99189
99724 99723
99250 99249
99689 99688
99866 99865
99259 99258
99476 99475
99101 99100
99595 99594
99225 99224
99959 99958
99097 99096
99693 99692
99585 99584
99465 99464
99493 99492
99526 99525
99231 99230
99123 99122
99749 99748
99311 99310
99740 99739
99839 99838
99854 99853
99171 99170
99588 99587
99421 99420
99947 99946
99543 99542
99204 99203
99230 99229
99642 99641
99127 99126
99546 99545
99870 99869
99705 99704
99732 99731
99789 99788
99591 99590
99801 99800
99900 99899
99783 99782
99684 99683
99032 99031
99352 99351
99662 99661
99182 99181
99702 99701
99840 99839
99973 99972
99109 99108
99678 99677
99386 99385
99288 99287
99118 99117
99334 99333
99176 99175
99539 99538
99824 99823
99664 99663
99241 99240
99504 99503
99529 99528
99086 99085
99269 99268
99034 99033
99016 99015
99640 99639
99899 99898
99236 99235
99481 99480
99935 99934
99896 99895
99037 99036
99008 99007
99918 99917
99519 99518
99015 99014
99819 99818
99331 99330
99920 99919
99074 99073
99373 99372
99342 99341
99270 99269
99629 99628
99565 99564
99718 99717
99374 99373
99469 99468
99871 99870
99552 99551
99532 99531
99660 99659
99249 99248
99635 99634
99454 99453
99423 99422
99307 99306
99654 99653
99333 99332
99160 99159
99098 99097
99059 99058
99936 99935
99857 99856
99107 99106
99985 99984
99161 99160
99643 99642
99272 99271
99764 99763
99014 99013
99760 99759
99901 99900
99223 99222
99850 99849
99440 99439
99988 99987
99898 99897
99355 99354
99081 99080
99566 99565
99750 99749
99153 99152
99343 99342
99557 99556
99527 99526
99178 99177
99877 99876
99047 99046
99245 99244
99462 99461
99590 99589
99594 99593
99117 99116
99781 99780
99820 99819
99892 99891
99091 99090
99362 99361
99214 99213
99495 99494
99533 99532
99571 99570
99322 99321
99709 99708
99651 99650
99330 99329
99960 99959
99685 99684
99382 99381
99394 99393
99906 99905
99656 99655
99739 99738
99396 99395
99498 99497
99887 99886
99018 99017
99112 99111
99221 99220
99756 99755
99458 99457
99393 99392
99445 99444
99128 99127
99762 99761
99219 99218
99938 99937
99180 99179
99082 99081
99598 99597
99069 99068
99345 99344
99955 99954
99027 99026
99653 99652
99079 99078
99659 99658
99804 99803
99911 99910
99597 99596
99618 99617
99636 99635
99879 99878
99817 99816
99768 99767
99735 99734
99602 99601
99927 99926
99606 99605
99621 99620
99502 99501
99485 99484
99305 99304
99122 99121
99755 99754
99284 99283
99802 99801
99066 99065
99349 99348
99688 99687
99726 99725
99028 99027
99500 99499
99135 99134
99379 99378
99444 99443
99328 99327
99350 99349
99699 99698
99156 99155
99940 99939
99676 99675
99895 99894
99035 99034
99428 99427
99933 99932
99945 99944
99404 99403
99683 99682
99997 99996
99972 99971
99658 99657
99001 99000
99432 99431
99439 99438
99275 99274
99383 99382
99868 99867
99810 99809
99858 99857
99290 99289
99062 99061
99415 99414
99641 99640
99652 99651
99528 99527
99993 99992
99903 99902
99271 99270
99228 99227
99424 99423
99429 99428
99538 99537
99058 99057
99674 99673
99626 99625
99075 99074
99165 99164
99668 99667
99816 99815
99912 99911
99057 99056
99517 99516
99335 99334
99280 99279
99213 99212
99682 99681
99040 99039
99562 99561
99836 99835
99785 99784
99910 99909
99647 99646
99315 99314
99199 99198
99071 99070
99398 99397
99099 99098
99697 99696
99980 99979
99157 99156
99958 99957
99316 99315
99144 99143
99158 99157
99408 99407
99830 99829
99862 99861
99208 99207
99276 99275
99551 99550
99576 99575
99897 99896
99140 99139
99050 99049
99831 99830
99842 99841
99865 99864
99967 99966
99325 99324
99206 99205
99243 99242
99731 99730
99143 99142
99137 99136
99433 99432
99205 99204
99451 99450
99795 99794
99608 99607
99754 99753
99859 99858
99224 99223
99054 99053
99499 99498
99164 99163
99561 99560
99251 99250
99729 99728
99861 99860
99189 99188
99116 99115
99522 99521
99677 99676
99130 99129
99420 99419
99024 99023
99256 99255
99550 99549
99359 99358
99378 99377
99777 99776
99188 99187
99765 99764
99894 99893
99011 99010
99145 99144
99808 99807
99573 99572
99254 99253
99788 99787
99090 99089
99044 99043
99049 99048
99179 99178
99521 99520
99336 99335
99151 99150
99045 99044
99114 99113
99030 99029
99852 99851
99181 99180
99388 99387
99905 99904
99604 99603
99332 99331
99954 99953
99572 99571
99392 99391
99977 99976
99757 99756
99555 99554
99579 99578
99195 99194
99719 99718
99509 99508
99843 99842
99725 99724
99769 99768
99242 99241
99575 99574
99403 99402
99833 99832
99317 99316
99405 99404
99711 99710
99978 99977
99737 99736
99064 99063
99876 99875
99020 99019
99313 99312
99813 99812
99890 99889
99612 99611
99812 99811
99150 99149
99919 99918
99570 99569
99009 99008
99751 99750
99347 99346
99021 99020
99649 99648
99568 99567
99793 99792
99577 99576
99263 99262
99121 99120
99956 99955
99025 99024
99478 99477
99717 99716
99457 99456
99686 99685
99513 99512
99547 99546
99304 99303
99981 99980
99490 99489
99917 99916
99136 99135
99088 99087
99584 99583
99779 99778
99856 99855
99582 99581
99558 99557
99667 99666
99007 99006
99212 99211
99996 99995
99747 99746
99837 99836
99229 99228
99155 99154
99578 99577
99703 99702
99196 99195
99472 99471
99348 99347
99308 99307
99893 99892
99138 99137
99800 99799
99326 99325
99175 99174
99503 99502
99929 99928
99679 99678
99680 99679
99799 99798
99803 99802
99461 99460
99297 99296
99714 99713
99639 99638
99507 99506
99023 99022
99807 99806
99774 99773
99844 99843
99948 99947
99607 99606
99524 99523
99722 99721
99217 99216
99600 99599
99132 99131
99004 99003
99441 99440
99260 99259
99560 99559
99794 99793
99632 99631
99339 99338
99353 99352
99648 99647
99065 99064
99970 99969
99701 99700
99207 99206
99003 99002
99063 99062
99589 99588
99888 99887
99776 99775
99752 99751
99541 99540
99133 99132
99605 99604
99616 99615
99321 99320
99422 99421
99375 99374
99748 99747
99466 99465
99410 99409
99077 99076
99975 99974
99965 99964
99191 99190
99237 99236
99525 99524
99092 99091
99442 99441
99567 99566
99294 99293
99780 99779
99299 99298
99715 99714
99226 99225
99169 99168
99134 99133
99084 99083
99401 99400
99791 99790
99681 99680
99904 99903
99295 99294
99068 99067
99209 99208
99072 99071
99627 99626
99026 99025
99928 99927
99496 99495
99380 99379
99771 99770
99434 99433
99303 99302
99559 99558
99873 99872
99142 99141
99869 99868
99934 99933
99827 99826
99554 99553
99203 99202
99986 99985
99694 99693
99540 99539
99187 99186
99192 99191
99670 99669
99000 98999
99949 99948
99435 99434
99624 99623
99995 99994
99019 99018
99296 99295
99530 99529
99152 99151
99384 99383
99593 99592
99163 99162
99872 99871
99672 99671
99583 99582
99002 99001
99923 99922
99198 99197
99806 99805
99146 99145
99033 99032
99340 99339
99942 99941
99486 99485
99821 99820
99766 99765
99520 99519
99826 99825
99193 99192
99809 99808
99094 99093
99115 99114
99200 99199
99264 99263
99952 99951
99770 99769
99482 99481
99042 99041
99377 99376
99556 99555
99505 99504
99914 99913
99733 99732
99661 99660
99265 99264
99376 99375
99999 99998
99983 99982
99744 99743
99784 99783
99337 99336
99617 99616
99464 99463
99406 99405
99838 99837
99818 99817
99258 99257
99828 99827
99511 99510
99544 99543
99631 99630
100 100000 8
4832 63610
52061 78349
22371 99163
49507 76769
74159 33575
42744 35167
42408 56104
97121 15569
29803 48695
10205 40951
36209 34410
63651 55150
11691 68954
32230 76455
99587 28070
91548 16198
69939 1135
13789 71842
43652 99963
11590 17625
8779 24390
80621 13657
21068 52409
76357 68689
16286 1160
84362 65886
19024 3977
45779 55655
55631 79856
24049 62374
3109 450
48930 18606
89058 28892
89413 16996
71157 2944
95800 49078
31561 5011
51322 90539
93439 47262
44587 3627
55460 11699
79730 16965
35994 61411
42991 4023
51817 26588
28529 37324
34012 17865
99141 80284
80508 13487
88980 77173
52344 95457
3181 40114
87613 85028
71500 52521
30893 1601
67558 79055
96137 5763
81373 71898
1788 95159
89656 80628
92835 66470
51581 83868
72228 94314
2218 42615
26347 46407
36986 99910
25340 9553
60548 5353
10566 80747
93891 69518
22675 77613
4421 34591
74358 92203
34212 27850
56687 81290
66001 72792
30025 40720
80162 54658
37044 70592
14988 289
14640 19073
73058 66620
81803 72391
36248 18436
7271 56683
33506 86271
59395 9168
15548 77947
71938 94746
87619 72789
42505 15837
49702 80985
22444 30324
22841 98728
95595 44691
44874 71177
57250 60615
53841 76419
77518 37833
95690 91984
3 5 1
3 1
4 8
8 3
33 55 12
132 419
181 391
242 503
28 128
163 24
190 370
87 430
240 437
77 344
157 457
170 429
171 313
292 115
216 9
95 75
112 377
156 397
265 327
272 124
189 52
83 434
145 31
267 405
276 0
202 481
66 141
88 36
105 182
178 305
110 451
125 299
16 164
230 111
5 1000 1
1005 1008
999 1002
1008 1011
1002 1005
1011 1014
50 100 32
36007 62289
64751 3508
35853 37854
4244 71785
56711 35411
50937 53773
57196 80754
89252 34502
956 40421
21339 68576
25377 8074
45080 49914
41822 55065
96536 36701
18791 42600
21138 86930
12597 90513
71980 80762
26109 96471
26828 87290
54315 90087
80727 9304
18137 98255
58239 50798
21553 69953
13586 33738
77625 75517
10766 32353
92480 12962
72444 86505
36626 40807
42923 26100
60639 53286
93690 46933
48111 35864
42609 74462
32550 31470
60685 5810
61753 67631
26356 89785
50414 84653
86338 60178
37323 90508
49192 3930
71597 58713
16587 84920
18804 1442
20932 51374
11338 65721
15918 39721
1000 100000 512
43874 98220
83514 7049
66736 14976
33387 12494
8173 30016
45076 39860
78393 76712
57418 45422
60207 30819
5129 88893
38038 55922
26334 95025
36059 40381
87157 14253
47442 86158
6342 84816
16775 62560
16061 79775
91438 73069
99556 68368
32995 1060
17760 78226
7128 48408
47128 24223
51853 69462
11818 39453
637 82614
59477 52168
83511 74407
1020 19849
41642 5627
3809 96719
92810 77281
8941 1975
38393 92482
10639 421
73964 25873
47966 64615
93332 41324
90369 67040
93722 83182
50731 75889
50143 15810
36090 51233
74583 10282
71892 10414
6082 66460
82757 75789
12832 5017
21009 1069
88897 37252
43628 77584
84517 28840
99301 96676
9813 95150
46902 54982
71247 39303
31325 1545
5255 57508
87832 94228
85613 82190
19244 24180
50885 56735
71990 35125
77137 85707
85030 12479
24929 56081
7306 50305
72929 97558
70473 93843
89650 65089
92214 18128
90062 12389
64079 42426
72523 43424
79176 17537
79186 99777
55370 32211
37964 19946
24409 47761
13671 57908
18448 96761
89535 9897
7032 7466
41023 88184
41166 90694
60288 35595
71840 57121
20654 31687
73584 65552
41030 14980
44120 84623
42632 91725
88955 50662
82404 50933
70154 66886
99323 43840
34275 13982
33178 43493
67043 43206
58748 38007
85210 57920
77822 12796
83415 24496
96620 52868
28299 19839
42388 76963
91977 44787
36934 16485
78959 94779
61812 82395
32100 55285
65274 74712
89662 9536
85268 15045
76028 87513
78087 42952
63969 31100
19776 87490
64457 84125
69019 71887
45341 17948
47337 55457
9067 16644
17967 65254
83087 36482
1814 50864
44506 48070
85779 11886
81305 78719
52857 78753
79927 81112
5021 88585
128 37629
12981 48697
70023 89145
65573 39138
24898 51252
48094 98098
10498 89865
33536 1136
55037 26580
50353 17776
64266 94497
34208 53548
85021 12740
95265 99945
50360 48162
80965 93793
69757 49656
26803 87013
68097 20275
49507 32553
72547 65851
23024 42896
39363 16657
84966 51186
89125 38473
88785 79055
37538 15513
36459 23897
15027 67861
42353 90661
38439 37390
82760 29264
21973 9496
91291 15312
67393 75663
87092 10734
7023 59282
66579 10330
34161 84954
37891 28508
61724 62827
74461 75932
23806 34177
99520 57422
56550 93655
32783 3653
23306 10611
565 22168
69024 12666
50805 27751
2899 14898
64495 23736
49976 55721
93585 73293
16319 40311
3451 23454
73829 26833
87304 144
78648 27360
58698 2356
51766 15391
16060 72094
30217 49755
7254 66251
74461 13032
15938 35527
44561 56358
40451 21985
7696 46899
75993 74519
97647 63116
27730 55397
36633 91852
98880 35095
36381 53824
69795 52067
2396 17342
3245 4005
15991 33093
74721 79209
87968 37510
77015 97178
41650 57389
65399 3346
89770 32534
97652 33109
44320 98114
21437 4384
82184 23017
62884 10164
26965 43660
11479 21497
17956 9165
8528 77426
1691 30277
20622 88671
40712 26706
40173 76580
14369 76443
61648 35348
12307 43110
72161 92062
52075 78147
38598 46578
9559 3778
27146 99384
13737 87180
17466 75127
69648 1486
40889 53160
37705 66333
86289 4637
77518 68644
9001 52583
43725 86014
8102 44757
80442 63285
13727 60342
64132 16702
90215 73409
74941 34616
67355 26791
87729 76653
29650 88683
28421 61347
31021 71892
30970 83609
17199 19401
44984 19143
94394 95872
620 10600
27882 17179
8939 19217
40713 37359
15489 76751
15814 49054
39232 95737
47451 47045
22757 71484
13594 49372
40416 45400
57859 53893
52365 4474
18559 90251
41056 97722
26821 76720
23799 1328
10733 20818
21497 27381
55427 62197
3942 90064
20298 1030
12113 80310
32165 15038
44809 28756
96792 26994
98218 22745
54697 96585
42658 70865
43881 17460
34816 59918
50859 92739
53499 93130
78668 37494
11283 86105
60945 71666
40526 53749
32053 15245
93507 76849
91485 373
26140 77542
4624 49310
75456 89568
60244 84218
67137 41508
12899 40166
22222 21056
47131 71455
46473 85712
15728 51048
17624 83171
18211 22298
9761 30425
42755 67287
53585 13876
99592 43878
61174 95710
31074 74357
84164 20138
73237 94302
47259 1196
35437 1470
12398 89063
51594 74542
32029 90416
16601 60881
16379 93984
17002 65391
34952 81886
64891 85408
16508 70315
30335 97953
51884 67230
48021 89634
90511 75515
80493 53702
84454 87427
54726 88923
18881 47264
60271 95505
66717 86133
29729 87710
92925 60959
80931 46109
76317 46884
25882 53247
59569 18785
58851 43524
39535 11716
76518 5636
86491 74841
98610 50942
42417 22149
86300 80235
93875 57053
83743 82291
14568 11151
79078 91891
58016 25908
66472 62292
84324 94406
27545 12434
43131 26341
27974 70684
58961 99514
9805 63430
75302 22279
78896 41988
23163 12995
22247 53863
99474 15059
17653 16115
14125 39503
29185 80453
72682 74801
58385 73618
75729 28345
3874 47611
64251 70912
61476 39165
3369 52126
15915 9824
97939 89868
73866 82791
38906 76523
10482 21841
43809 52188
14296 7362
35884 41221
88095 16973
22944 89066
20473 14978
81391 1700
19791 92084
11930 58326
54996 31774
53794 46493
25434 59931
22361 9968
50020 71750
79071 12750
3858 34711
91662 44642
62066 91889
42592 19302
57003 25928
21055 13944
95297 20649
65902 46849
42704 24649
23713 97570
85231 13797
29776 69554
74283 24871
77052 8749
98879 67164
66643 68087
37619 54702
45804 24489
33579 64958
55499 41727
58591 96609
43838 62377
62864 49029
47852 60805
74352 87659
41939 31189
69217 23526
3003 40383
13592 63660
67722 8747
89280 45735
40795 89476
57905 52592
55498 32174
97645 83572
1268 1654
49792 47770
60361 96331
58215 92652
59262 35046
87033 63579
50609 87311
62752 54400
17332 64044
66918 33426
79172 62371
73143 74608
92452 4014
22745 12521
19121 91002
36879 63210
84220 95967
72137 79490
76195 41709
72373 10009
44675 55476
48988 1430
94464 52542
35232 42962
47220 40461
97547 28012
67498 13226
35312 53966
94255 58290
57776 72455
50918 82446
55519 38496
26810 82672
46430 61022
49158 1371
97721 80512
44559 53239
63964 33328
48882 86250
6930 67784
28953 6053
48759 4181
66646 27180
38758 73811
12497 81509
59775 35174
28468 77101
68255 54288
46723 54675
54593 18460
49269 93755
2220 96846
64457 18760
52974 8393
64706 22804
12346 51929
21629 85008
79512 72700
76974 37514
8975 9443
47779 55967
86899 95473
67362 96210
28739 39096
46651 94353
40795 96274
98284 15627
38001 9298
33380 14385
80488 23063
72764 56576
55246 84296
17444 92820
26446 81841
48016 30410
7538 43622
18636 34623
29802 19893
5880 49950
30796 47579
20344 72822
88952 77574
29827 68455
3489 26931
18895 87485
81266 42759
96772 90824
29317 45484
50954 17564
39551 87172
50519 39541
94449 27782
3634 55595
69414 58535
94315 7204
85361 52202
45190 59356
50832 93434
30063 71838
22791 53581
9396 82321
42293 31943
45875 76978
37238 80332
28868 50963
85699 67672
8324 32084
66732 44482
22250 88904
62272 55821
86609 90935
81094 69696
39853 44902
63627 24952
45414 11409
17707 56018
83431 17665
64504 73203
35006 80370
57457 44995
92447 50917
83428 17013
84018 89619
4249 88843
25279 64858
91731 83505
49693 97327
48543 18171
78035 73812
90937 36959
474 6882
69864 20972
14896 64677
16757 59879
86800 16694
51515 80779
23618 44553
86822 62762
42856 45863
88021 39131
65557 88478
73789 23737
26299 37065
28277 40575
58463 59566
89323 95503
54923 75292
62366 6219
79759 8208
9132 81706
56632 63030
4361 52061
27089 88030
21636 89187
96358 15575
86285 7592
42393 64131
1287 4594
72256 19739
78892 87700
24008 35814
6927 61676
19797 19447
89217 75819
97145 80464
970 95175
99304 40080
72513 63377
14400 56076
65291 42345
42771 73323
45267 33880
68792 96641
70686 4361
87075 72425
44047 32792
91016 2965
78534 9642
11409 99307
97851 97753
39883 7761
27062 65599
76134 99632
92468 9095
21434 43407
75501 74264
53864 42651
81012 44744
12361 78104
56563 4627
6350 28634
58993 14789
18184 61119
81198 19087
61699 53306
23515 70663
34899 58575
72839 64689
13582 62762
10670 22113
11306 28629
29073 90580
29774 13829
37208 42051
86316 58807
23288 80754
84033 39729
76925 98487
78870 73599
29863 46639
56467 40262
84848 87412
53228 24210
16367 28513
69300 82214
66519 74445
29957 28494
73942 39393
52857 77888
9797 15590
80468 15393
767 49447
66857 20930
52661 31846
98599 54063
89588 9046
87707 18
47456 93890
50247 45301
50997 8456
81271 77296
59113 96390
69472 41686
11069 55443
47006 22983
98521 14711
83228 57062
59293 23778
63790 33361
7982 33706
26727 16762
71158 42271
19043 64062
8923 44122
6542 83569
98324 16336
14799 75794
31376 97195
78619 88035
43526 56965
38966 75357
27086 53306
33797 79884
52092 92644
20817 81602
89559 36659
79656 66733
72453 90421
1280 29084
61469 66118
15665 75262
64795 68061
93406 745
36507 38464
29231 47708
81793 66239
27192 78951
7097 6677
73717 96235
88156 68938
36317 33836
28734 91336
68578 23719
70869 86691
13514 2845
3134 26161
64137 2128
68744 85811
78606 5983
53367 82216
98248 73423
20693 94271
79388 10922
8916 33832
73361 26754
47530 20698
32577 42310
68745 77598
60542 67189
58376 86568
98001 26446
84434 46833
49834 26517
26541 67674
43607 15622
61653 47491
98219 54238
86485 72742
67239 47423
70791 31262
87381 48813
89191 7394
63178 23190
26797 59320
51584 78802
45041 10543
81139 55715
86784 11653
91129 68492
7888 6599
3912 3847
39377 94299
98011 37263
21624 58146
43120 29020
88300 37034
46680 64420
26005 81043
30556 41035
47236 45330
44144 51854
84842 95027
56705 6067
28683 67369
15367 17742
96915 35949
77455 55146
26979 55619
41643 71591
31793 36066
69354 10618
36431 9772
72818 87385
86313 19478
90239 5156
9783 59041
78470 44184
14541 8245
47470 68649
81047 30705
83541 85989
74477 54735
22374 38168
23862 76281
29660 6294
32124 89602
41353 87173
50825 57187
8963 85880
93338 46412
34012 81596
76512 61674
16014 57682
84863 20305
27097 79192
75379 84414
30454 58914
88772 52232
40118 99998
13337 65328
31472 99341
6204 97506
30593 15636
10758 15086
516 96602
29617 71211
84365 1914
39245 13895
82274 38488
78901 16560
2829 32721
8413 89964
69402 38079
19165 39915
68926 3265
97026 70539
54245 98762
95112 17480
90021 44947
58056 59451
98725 41795
54121 24803
72835 90603
28566 88042
68783 70598
73206 67293
79787 19428
2516 39635
93533 73420
35869 27119
5814 20621
83524 36327
13585 67301
75797 96476
11799 42557
55701 76595
9566 53228
15101 60282
63805 14884
11471 52121
74078 76019
69702 67535
7322 44411
29021 63793
38518 7698
25405 38881
42264 93173
67434 48128
7905 35080
69614 687
64466 47855
39705 57748
57553 41160
99095 70088
23193 49063
63086 4838
33195 76551
14072 82324
35412 61173
48607 42212
67611 17789
24990 31619
62258 32753
41212 60500
83266 62376
99015 33291
61194 30193
73889 47656
99962 89017
84022 40473
50593 38350
19993 90183
85272 14208
65399 64916
50600 13954
21948 98926
43768 79988
90787 39239
40833 9311
47175 94647
6296 72460
70862 16163
80710 53873
83192 12609
54050 47995
31025 28318
70909 4767
30884 45651
82111 28437
8926 77886
69173 34005
79048 87271
94095 56357
39540 75591
37717 93159
3275 35751
23188 4689
94378 91820
23689 36366
33350 69984
6358 91388
50913 15080
8938 96592
72560 9430
57927 13294
43527 75400
14409 86692
9220 68786
71196 67539
77119 51121
49926 82256
89363 85828
33896 93010
57381 19883
83243 79225
47909 58743
58801 90313
86719 14225
90314 81265
83859 76779
70497 92599
43604 3227
4465 72067
17832 47705
59459 81170
51604 68744
21673 3078
32233 75618
25178 90374
17282 91290
38643 80568
81773 36737
40592 8563
24787 8508
66159 55109
66486 17205
16324 48251
18158 61382
10315 46818
14710 952
13683 63823
32432 25850
12809 78510
72086 56692
9061 65639
33829 90519
96693 80063
92008 91305
45209 52012
98217 35877
82899 97874
68846 61857
63736 53350
26745 8962
30416 55344
7702 55301
8913 42543
86081 91612
20450 77234
57091 64607
7592 74369
42301 10347
66521 71350
93735 36166
16568 1530
60021 10431
47586 49732
40831 91605
64636 46243
44662 34895
39784 58509
4746 49589
76457 74907
62299 67830
19027 38281
92687 7169
65268 80431
9687 23000
42373 27532
25188 30731
42764 94849
11507 21608
53045 64212
68682 32589
12878 74525
91621 78895
63150 46810
56754 13366
90471 15939
70272 85673
85600 96878
53844 7349
31308 5633
3140 96737
36196 76764
14557 21519
29568 31921
98279 92007
28796 60880
28884 51200
77445 4848
