1
500 100 228
67564 54364
79935 90819
78735 75476
37081 96067
37809 26404
39061 48436
51435 66324
48832 4744
14084 66679
43607 65960
87762 70068
59246 30564
11898 64506
18112 4449
63907 75697
65995 76430
55738 63635
43273 64307
61848 13334
41294 82038
18008 11147
91359 48553
28411 12841
94248 12872
12943 1323
56160 62829
13424 18208
86181 37645
95044 50263
22861 67588
32602 68798
92978 95973
7253 52622
34600 41831
73090 10866
20028 83836
6787 82479
84692 93263
60234 30
76913 52961
48374 7474
2710 10618
39026 910
66150 59865
92801 92767
7689 69653
54485 13754
55088 4071
11710 85326
45854 18626
55603 48037
30475 77138
65026 26961
85286 20066
82285 77958
69311 96266
27550 22087
61385 57798
85417 93884
4260 2761
39755 42179
32624 12126
42486 76488
57359 92918
7071 41101
46975 74539
38633 34833
79943 17654
53254 78490
20913 25293
84544 30237
40621 75152
47022 5904
23841 78160
22246 96389
99987 45100
58342 8260
64142 85381
65733 36299
32711 21538
24451 24497
37153 55573
74686 3364
25771 32555
64896 86881
68097 98276
43884 70009
75268 2938
16262 47148
8480 2471
54741 88453
97308 6449
45180 7293
84729 34375
19151 8430
34486 64215
97123 98090
98525 91961
72754 9981
88716 82880
91504 85257
31787 32728
63862 69938
771 66812
71027 97339
48290 1097
92886 85530
35987 89862
34386 90436
38662 40695
79025 58319
67627 25454
89239 67728
6526 28931
76983 20009
56615 37694
44709 25350
77231 74207
11950 34348
97430 28298
76382 15363
37498 98584
66007 2287
11052 51311
23511 8202
74220 71023
62788 19754
44150 59378
41420 87348
48260 42695
12473 10249
41994 82027
74210 68986
27977 38168
37547 88912
89038 58469
66127 98499
56979 65724
32229 44448
44177 89145
14493 89971
27767 78529
33131 82042
60593 81407
99381 79744
46906 22742
72320 35596
76407 35856
85980 72160
8875 60619
74361 26158
63639 74802
36637 53551
20308 98747
43806 87705
54957 99642
68446 38960
38551 54143
27542 88255
27044 64456
41132 27698
74491 17313
24274 8475
77760 69383
83464 93601
89805 46801
78125 11854
1959 63901
72642 81406
35066 48707
20443 84078
82345 59702
38266 68999
55550 10144
44824 18429
74408 11624
66419 71131
60438 3664
13662 18258
86290 8552
4540 16082
23615 7672
54223 70523
57930 42360
42473 45737
52762 57564
36715 51700
99817 4663
98201 42077
6505 53816
90225 14819
93732 3570
47929 93142
29254 57086
87599 90101
64531 43738
7320 78422
86875 52418
98948 13883
73861 41816
25098 93945
96072 3178
65250 99914
85125 45358
57896 89985
63346 648
35261 73940
94031 81149
78015 56516
60077 7744
69045 89126
67667 65237
46989 59846
2685 92587
59361 67262
53947 13097
75720 62830
45107 10318
12522 36186
61525 21404
62513 11390
56894 11891
66355 90011
15638 86331
40090 6487
75832 47519
88300 93377
693 58373
19351 17115
30583 86172
29254 83108
7282 91283
62563 83597
25119 21356
98894 65605
91164 69145
24170 47374
69990 11716
82126 50253
89471 60380
59981 85277
17251 73795
30014 66235
14284 96149
21676 66818
57036 62345
89231 62974
68897 57605
47678 45085
93248 35245
75138 42625
61318 40102
48407 37355
34262 52099
65594 24602
89793 55872
43259 45344
83570 24604
75714 37698
34414 86852
55426 51000
45491 12035
64177 47158
51143 42192
3168 3179
40722 10679
80142 47712
96403 2815
67512 63130
16634 45851
51550 48271
50180 66033
25843 80650
36365 4109
86637 79311
81665 52017
92022 82321
31247 92184
71682 57450
91119 83474
97046 95785
32548 96165
47324 85865
56029 72609
74563 25662
97584 67966
83052 43628
41379 93388
6109 68902
97094 43106
29868 33617
53422 47878
23608 24369
10969 29401
2103 16632
33889 6407
54777 77586
66907 7496
47044 11352
59125 66550
92129 77449
36736 25365
59157 25498
4169 9131
51934 94717
53265 44612
16756 91975
67331 77517
12874 30724
89250 1480
65038 65214
19872 49655
12277 39418
76462 28287
6404 55426
56110 65674
72808 40704
40506 35873
92808 43411
69023 26152
44560 54508
67793 18696
66749 11595
63742 26282
91361 23670
38193 30250
97958 92261
98656 99738
80758 3728
48153 33336
15847 61715
15792 79436
99650 5630
89126 34314
62022 80770
38479 24241
88915 57784
24206 16773
69145 67363
40897 98917
64006 82761
55168 58461
14611 69043
29827 26955
93178 79224
13377 75474
46977 22802
46812 5600
66545 21961
70146 61484
65925 93714
58335 87389
12744 50782
61965 79813
35979 12702
31647 72500
97680 99080
38213 17458
53863 52353
25680 76087
6476 44707
64844 58585
21557 76382
58014 29875
59327 25832
44082 59932
43387 4058
39980 23322
30763 98944
83483 96699
99591 53841
44639 70120
22246 45452
30418 57937
94101 52760
66542 8564
31398 52366
80160 11199
29397 73194
69721 56596
13421 95283
51321 81315
59898 72073
43141 79969
58253 32295
29014 93002
3902 67434
35961 48255
56584 61851
98278 10267
52722 83144
39803 85420
19219 16108
72590 5793
695 2697
51516 70160
61553 70006
61780 94196
39158 55175
91722 69271
81159 86600
71755 60129
55933 56289
51973 4516
80082 48173
38129 52070
83232 94304
42117 52751
16063 68513
86469 7623
66376 89123
20638 87280
55435 9651
10744 97224
27665 64597
78461 45898
16099 52821
23187 84431
94509 63928
27308 77854
10685 10703
71233 90035
79644 68369
64598 40598
41152 39097
68303 79433
97335 10656
5046 2320
98874 63695
72348 13321
90050 41261
41384 56369
81483 47850
66345 14860
52732 80093
49174 47010
60607 19988
44500 4988
97344 58242
31706 46586
33958 80397
6353 82126
51763 690
25589 78696
60007 83460
74556 12614
1009 85710
65231 93676
86585 91596
5471 88009
11718 35348
27598 78948
74020 29343
52199 34067
80389 8223
87648 42612
48614 54455
63553 59841
45592 67070
81755 42600
46987 51920
60272 71107
19035 89730
92999 73559
51819 8005
80201 63306
25347 22745
28042 65241
67574 73436
45032 9876
6012 32795
68912 84608
10593 49504
88749 79416
66128 10532
50369 9866
77684 38450
84357 4125
61836 7770
50322 84627
55787 6049
54462 19407
63189 72306
1973 55599
26817 39254
98891 3377
36924 52448
50129 9817
35107 39716
1356 12614
44894 74006
7909 53865
70576 26540
849 92592
38583 46380
25913 95218
44467 30835
28370 71458
98974 67634
71939 2964
