5 8
1 2 0.4
1 3 0.1
1 4 0.6
2 3 0.9
2 4 0.5
3 4 0.2
3 5 0.7
4 5 0.1
3 3
1 2 1.0
1 3 1.0
2 3 1.0
4 6
1 2 0.3
1 3 0.1
1 4 0.5
2 3 0.9
2 4 0.1
3 4 0.5
3 2
1 2 1.0
2 3 1.0
3 3
1 2 1.0
2 3 0.5
1 3 0.0
3 3
1 2 0.0
1 3 0.0
2 3 0.0
1 0
6 10
1 2 0.1
2 3 0.1
3 4 0.1
4 5 0.1
5 1 0.1
1 6 0.9
2 6 0.7
3 6 0.9
4 6 0.7
5 6 0.9
6 10
1 2 0.1
2 3 0.1
3 4 0.1
4 5 0.1
5 1 0.1
1 6 0.1
2 6 0.1
3 6 0.1
4 6 0.1
5 6 0.1
4 3
1 2 0.5
2 3 0.5
3 4 0.5
4 6
1 2 0.840
1 3 0.394
1 4 0.783
2 3 0.798
2 4 0.912
3 4 0.198
3 3
1 2 0.1
1 3 0.01
2 3 0.001
3 3
2 1 0.1
3 1 0.01
3 2 0.001
100 4950
1 2 0.514
1 3 0.176
1 4 0.309
1 5 0.535
1 6 0.948
1 7 0.172
1 8 0.702
1 9 0.226
1 10 0.495
1 11 0.125
1 12 0.084
1 13 0.390
1 14 0.277
1 15 0.368
1 16 0.983
1 17 0.535
1 18 0.766
1 19 0.646
1 20 0.767
1 21 0.780
1 22 0.823
1 23 0.152
1 24 0.625
1 25 0.315
1 26 0.347
1 27 0.917
1 28 0.520
1 29 0.401
1 30 0.607
1 31 0.785
1 32 0.932
1 33 0.870
1 34 0.867
1 35 0.674
1 36 0.758
1 37 0.582
1 38 0.389
1 39 0.356
1 40 0.200
1 41 0.827
1 42 0.416
1 43 0.464
1 44 0.979
1 45 0.126
1 46 0.213
1 47 0.958
1 48 0.737
1 49 0.409
1 50 0.780
1 51 0.758
1 52 0.957
1 53 0.028
1 54 0.319
1 55 0.757
1 56 0.243
1 57 0.590
1 58 0.043
1 59 0.956
1 60 0.319
1 61 0.059
1 62 0.442
1 63 0.915
1 64 0.572
1 65 0.119
1 66 0.570
1 67 0.252
1 68 0.496
1 69 0.237
1 70 0.477
1 71 0.406
1 72 0.873
1 73 0.427
1 74 0.358
1 75 0.382
1 76 0.043
1 77 0.161
1 78 0.522
1 79 0.697
1 80 0.097
1 81 0.401
1 82 0.773
1 83 0.245
1 84 0.343
1 85 0.230
1 86 0.298
1 87 0.305
1 88 0.887
1 89 0.037
1 90 0.651
1 91 0.399
1 92 0.676
1 93 0.733
1 94 0.938
1 95 0.233
1 96 0.838
1 97 0.967
1 98 0.779
1 99 0.431
1 100 0.674
2 3 0.809
2 4 0.159
2 5 0.280
2 6 0.135
2 7 0.864
2 8 0.750
2 9 0.208
2 10 0.140
2 11 0.295
2 12 0.803
2 13 0.219
2 14 0.563
2 15 0.716
2 16 0.198
2 17 0.990
2 18 0.250
2 19 0.431
2 20 0.755
2 21 0.861
2 22 0.895
2 23 0.978
2 24 0.395
2 25 0.432
2 26 0.127
2 27 0.458
2 28 0.238
2 29 0.986
2 30 0.653
2 31 0.604
2 32 0.242
2 33 0.455
2 34 0.790
2 35 0.079
2 36 0.476
2 37 0.153
2 38 0.246
2 39 0.945
2 40 0.614
2 41 0.988
2 42 0.477
2 43 0.800
2 44 0.744
2 45 0.381
2 46 0.480
2 47 0.527
2 48 0.098
2 49 0.594
2 50 0.347
2 51 0.143
2 52 0.780
2 53 0.711
2 54 0.446
2 55 0.705
2 56 0.095
2 57 0.963
2 58 0.551
2 59 0.740
2 60 0.579
2 61 0.638
2 62 0.782
2 63 0.188
2 64 0.302
2 65 0.283
2 66 0.684
2 67 0.293
2 68 0.565
2 69 0.418
2 70 0.307
2 71 0.445
2 72 0.566
2 73 0.488
2 74 0.607
2 75 0.416
2 76 0.130
2 77 0.256
2 78 0.036
2 79 0.977
2 80 0.115
2 81 0.378
2 82 0.647
2 83 0.350
2 84 0.553
2 85 0.358
2 86 0.565
2 87 0.476
2 88 0.164
2 89 0.615
2 90 0.172
2 91 0.555
2 92 0.292
2 93 0.872
2 94 0.835
2 95 0.845
2 96 0.896
2 97 0.595
2 98 0.541
2 99 0.168
2 100 0.655
3 4 0.690
3 5 0.264
3 6 0.107
3 7 0.815
3 8 0.191
3 9 0.423
3 10 0.352
3 11 0.839
3 12 0.137
3 13 0.263
3 14 0.177
3 15 0.480
3 16 0.380
3 17 0.505
3 18 0.503
3 19 0.352
3 20 0.526
3 21 0.121
3 22 0.520
3 23 0.607
3 24 0.733
3 25 0.557
3 26 0.344
3 27 0.802
3 28 0.591
3 29 0.267
3 30 0.671
3 31 0.552
3 32 0.789
3 33 0.888
3 34 0.890
3 35 0.068
3 36 0.801
3 37 0.907
3 38 0.644
3 39 0.165
3 40 0.301
3 41 0.166
3 42 0.285
3 43 0.842
3 44 0.536
3 45 0.036
3 46 0.207
3 47 0.021
3 48 0.358
3 49 0.621
3 50 0.520
3 51 0.546
3 52 0.154
3 53 0.823
3 54 0.033
3 55 0.026
3 56 0.378
3 57 0.616
3 58 0.020
3 59 0.627
3 60 0.915
3 61 0.375
3 62 0.729
3 63 0.396
3 64 0.982
3 65 0.597
3 66 0.112
3 67 0.222
3 68 0.799
3 69 0.871
3 70 0.738
3 71 0.014
3 72 0.740
3 73 0.418
3 74 0.362
3 75 0.204
3 76 0.183
3 77 0.076
3 78 0.116
3 79 0.159
3 80 0.788
3 81 0.040
3 82 0.791
3 83 0.599
3 84 0.403
3 85 0.229
3 86 0.183
3 87 0.614
3 88 0.332
3 89 0.605
3 90 0.964
3 91 0.378
3 92 0.184
3 93 0.300
3 94 0.054
3 95 0.144
3 96 0.010
3 97 0.885
3 98 0.958
3 99 0.626
3 100 0.956
4 5 0.631
4 6 0.039
4 7 0.351
4 8 0.146
4 9 0.106
4 10 0.197
4 11 0.084
4 12 0.027
4 13 0.946
4 14 0.920
4 15 0.908
4 16 0.866
4 17 0.149
4 18 0.172
4 19 0.068
4 20 0.651
4 21 0.737
4 22 0.102
4 23 0.160
4 24 0.094
4 25 0.122
4 26 0.025
4 27 0.762
4 28 0.957
4 29 0.028
4 30 0.647
4 31 0.108
4 32 0.428
4 33 0.310
4 34 0.019
4 35 0.885
4 36 0.758
4 37 0.510
4 38 0.166
4 39 0.763
4 40 0.881
4 41 0.500
4 42 0.875
4 43 0.735
4 44 0.235
4 45 0.052
4 46 0.605
4 47 0.876
4 48 0.504
4 49 0.678
4 50 0.989
4 51 0.605
4 52 0.496
4 53 0.590
4 54 0.895
4 55 0.045
4 56 0.883
4 57 0.108
4 58 0.520
4 59 0.579
4 60 0.010
4 61 0.387
4 62 0.477
4 63 0.193
4 64 0.508
4 65 0.775
4 66 0.354
4 67 0.698
4 68 0.913
4 69 0.671
4 70 0.706
4 71 0.427
4 72 0.021
4 73 0.213
4 74 0.948
4 75 0.503
4 76 0.194
4 77 0.645
4 78 0.128
4 79 0.265
4 80 0.336
4 81 0.704
4 82 0.038
4 83 0.954
4 84 0.755
4 85 0.874
4 86 0.634
4 87 0.244
4 88 0.636
4 89 0.850
4 90 0.237
4 91 0.721
4 92 0.339
4 93 0.050
4 94 0.485
4 95 0.897
4 96 0.242
4 97 0.527
4 98 0.494
4 99 0.855
4 100 0.346
5 6 0.124
5 7 0.216
5 8 0.115
5 9 0.363
5 10 0.204
5 11 0.436
5 12 0.828
5 13 0.510
5 14 0.819
5 15 0.411
5 16 0.871
5 17 0.713
5 18 0.644
5 19 0.581
5 20 0.953
5 21 0.461
5 22 0.521
5 23 0.359
5 24 0.326
5 25 0.009
5 26 0.978
5 27 0.432
5 28 0.176
5 29 0.159
5 30 0.534
5 31 0.578
5 32 0.314
5 33 0.342
5 34 0.158
5 35 0.437
5 36 0.243
5 37 0.201
5 38 0.720
5 39 0.220
5 40 0.195
5 41 0.423
5 42 0.774
5 43 0.831
5 44 0.245
5 45 0.005
5 46 0.514
5 47 0.346
5 48 0.082
5 49 0.705
5 50 0.260
5 51 0.351
5 52 0.536
5 53 0.869
5 54 0.304
5 55 0.079
5 56 0.454
5 57 0.377
5 58 0.465
5 59 0.829
5 60 0.024
5 61 0.904
5 62 0.198
5 63 0.633
5 64 0.129
5 65 0.236
5 66 0.600
5 67 0.647
5 68 0.840
5 69 0.843
5 70 0.157
5 71 0.214
5 72 0.624
5 73 0.435
5 74 0.569
5 75 0.090
5 76 0.381
5 77 0.724
5 78 0.511
5 79 0.795
5 80 0.883
5 81 0.101
5 82 0.660
5 83 0.549
5 84 0.728
5 85 0.451
5 86 0.841
5 87 0.774
5 88 0.386
5 89 0.833
5 90 0.627
5 91 0.620
5 92 0.440
5 93 0.225
5 94 0.246
5 95 0.496
5 96 0.623
5 97 0.073
5 98 0.133
5 99 0.062
5 100 0.720
6 7 0.851
6 8 0.973
6 9 0.658
6 10 0.957
6 11 0.351
6 12 0.577
6 13 0.641
6 14 0.957
6 15 0.927
6 16 0.435
6 17 0.587
6 18 0.851
6 19 0.408
6 20 0.294
6 21 0.844
6 22 0.650
6 23 0.898
6 24 0.595
6 25 0.389
6 26 0.470
6 27 0.190
6 28 0.126
6 29 0.468
6 30 0.693
6 31 0.992
6 32 0.726
6 33 0.980
6 34 0.669
6 35 0.719
6 36 0.377
6 37 0.085
6 38 0.049
6 39 0.027
6 40 0.552
6 41 0.986
6 42 0.341
6 43 0.844
6 44 0.131
6 45 0.381
6 46 0.789
6 47 0.095
6 48 0.756
6 49 0.522
6 50 0.154
6 51 0.853
6 52 0.954
6 53 0.375
6 54 0.514
6 55 0.121
6 56 0.869
6 57 0.842
6 58 0.652
6 59 0.978
6 60 0.967
6 61 0.503
6 62 0.144
6 63 0.297
6 64 0.529
6 65 0.869
6 66 0.734
6 67 0.761
6 68 0.300
6 69 0.588
6 70 0.088
6 71 0.390
6 72 0.122
6 73 0.597
6 74 0.518
6 75 0.303
6 76 0.908
6 77 0.675
6 78 0.786
6 79 0.926
6 80 0.788
6 81 0.366
6 82 0.560
6 83 0.380
6 84 0.778
6 85 0.749
6 86 0.629
6 87 0.247
6 88 0.814
6 89 0.016
6 90 0.468
6 91 0.448
6 92 0.498
6 93 0.326
6 94 0.249
6 95 0.447
6 96 0.391
6 97 0.914
6 98 0.881
6 99 0.503
6 100 0.209
7 8 0.914
7 9 0.190
7 10 0.179
7 11 0.753
7 12 0.860
7 13 0.820
7 14 0.838
7 15 0.928
7 16 0.355
7 17 0.949
7 18 0.339
7 19 0.687
7 20 0.855
7 21 0.424
7 22 0.655
7 23 0.248
7 24 0.042
7 25 0.394
7 26 0.625
7 27 0.423
7 28 0.764
7 29 0.052
7 30 0.567
7 31 0.411
7 32 0.003
7 33 0.558
7 34 0.969
7 35 0.890
7 36 0.837
7 37 0.764
7 38 0.968
7 39 0.758
7 40 0.872
7 41 0.805
7 42 0.849
7 43 0.360
7 44 0.112
7 45 0.178
7 46 0.276
7 47 0.555
7 48 0.725
7 49 0.377
7 50 0.469
7 51 0.454
7 52 0.695
7 53 0.700
7 54 0.058
7 55 0.188
7 56 0.798
7 57 0.307
7 58 0.819
7 59 0.531
7 60 0.909
7 61 0.127
7 62 0.024
7 63 0.741
7 64 0.072
7 65 0.714
7 66 0.609
7 67 0.449
7 68 0.325
7 69 0.632
7 70 0.898
7 71 0.944
7 72 0.742
7 73 0.474
7 74 0.077
7 75 0.702
7 76 0.660
7 77 0.113
7 78 0.165
7 79 0.497
7 80 0.557
7 81 0.258
7 82 0.673
7 83 0.934
7 84 0.558
7 85 0.933
7 86 0.692
7 87 0.767
7 88 0.031
7 89 0.953
7 90 0.616
7 91 0.820
7 92 0.241
7 93 0.014
7 94 0.224
7 95 0.869
7 96 0.538
7 97 0.454
7 98 0.332
7 99 0.334
7 100 0.037
8 9 0.327
8 10 0.753
8 11 0.108
8 12 0.271
8 13 0.832
8 14 0.757
8 15 0.382
8 16 0.779
8 17 0.742
8 18 0.769
8 19 0.804
8 20 0.089
8 21 0.878
8 22 0.523
8 23 0.814
8 24 0.088
8 25 0.262
8 26 0.376
8 27 0.498
8 28 0.224
8 29 0.018
8 30 0.019
8 31 0.814
8 32 0.521
8 33 0.624
8 34 0.291
8 35 0.518
8 36 0.876
8 37 0.610
8 38 0.321
8 39 0.655
8 40 0.599
8 41 0.285
8 42 0.714
8 43 0.933
8 44 0.677
8 45 0.609
8 46 0.001
8 47 0.844
8 48 0.713
8 49 0.773
8 50 0.074
8 51 0.874
8 52 0.031
8 53 0.612
8 54 0.814
8 55 0.628
8 56 0.895
8 57 0.420
8 58 0.650
8 59 0.237
8 60 0.326
8 61 0.275
8 62 0.251
8 63 0.880
8 64 0.475
8 65 0.465
8 66 0.070
8 67 0.755
8 68 0.028
8 69 0.104
8 70 0.978
8 71 0.367
8 72 0.608
8 73 0.538
8 74 0.678
8 75 0.448
8 76 0.644
8 77 0.627
8 78 0.142
8 79 0.380
8 80 0.675
8 81 0.511
8 82 0.780
8 83 0.444
8 84 0.560
8 85 0.934
8 86 0.555
8 87 0.749
8 88 0.559
8 89 0.735
8 90 0.771
8 91 0.184
8 92 0.758
8 93 0.596
8 94 0.752
8 95 0.230
8 96 0.802
8 97 0.637
8 98 0.123
8 99 0.991
8 100 0.408
9 10 0.957
9 11 0.924
9 12 0.266
9 13 0.627
9 14 0.708
9 15 0.262
9 16 0.024
9 17 0.326
9 18 0.804
9 19 0.730
9 20 0.122
9 21 0.845
9 22 0.853
9 23 0.312
9 24 0.597
9 25 0.322
9 26 0.408
9 27 0.978
9 28 0.399
9 29 0.629
9 30 0.127
9 31 0.715
9 32 0.882
9 33 0.409
9 34 0.943
9 35 0.182
9 36 0.921
9 37 0.167
9 38 0.834
9 39 0.730
9 40 0.981
9 41 0.894
9 42 0.279
9 43 0.999
9 44 0.994
9 45 0.190
9 46 0.013
9 47 0.802
9 48 0.378
9 49 0.347
9 50 0.149
9 51 0.535
9 52 0.047
9 53 0.375
9 54 0.290
9 55 0.807
9 56 0.760
9 57 0.433
9 58 0.693
9 59 0.531
9 60 0.640
9 61 0.622
9 62 0.110
9 63 0.177
9 64 0.219
9 65 0.635
9 66 0.375
9 67 0.420
9 68 0.850
9 69 0.204
9 70 0.343
9 71 0.892
9 72 0.823
9 73 0.838
9 74 0.277
9 75 0.260
9 76 0.037
9 77 0.797
9 78 0.264
9 79 0.353
9 80 0.568
9 81 0.797
9 82 0.767
9 83 0.544
9 84 0.978
9 85 0.383
9 86 0.905
9 87 0.127
9 88 0.703
9 89 0.476
9 90 0.542
9 91 0.883
9 92 0.379
9 93 0.024
9 94 0.793
9 95 0.572
9 96 0.426
9 97 0.262
9 98 0.042
9 99 0.564
9 100 0.761
10 11 0.517
10 12 0.048
10 13 0.327
10 14 0.958
10 15 0.056
10 16 0.251
10 17 0.986
10 18 0.723
10 19 0.920
10 20 0.866
10 21 0.687
10 22 0.998
10 23 0.237
10 24 0.857
10 25 0.964
10 26 0.578
10 27 0.957
10 28 0.379
10 29 0.849
10 30 0.541
10 31 0.503
10 32 0.800
10 33 0.919
10 34 0.367
10 35 0.290
10 36 0.877
10 37 0.031
10 38 0.078
10 39 0.585
10 40 0.189
10 41 0.930
10 42 0.240
10 43 0.678
10 44 0.421
10 45 0.471
10 46 0.174
10 47 0.835
10 48 0.593
10 49 0.671
10 50 0.224
10 51 0.998
10 52 0.819
10 53 0.296
10 54 0.415
10 55 0.696
10 56 0.709
10 57 0.221
10 58 0.357
10 59 0.153
10 60 0.983
10 61 0.268
10 62 0.730
10 63 0.037
10 64 0.410
10 65 0.745
10 66 0.198
10 67 0.844
10 68 0.659
10 69 0.406
10 70 0.094
10 71 0.367
10 72 0.155
10 73 0.052
10 74 0.718
10 75 0.227
10 76 0.534
10 77 0.482
10 78 0.600
10 79 0.932
10 80 0.790
10 81 0.031
10 82 0.557
10 83 0.438
10 84 0.714
10 85 0.392
10 86 0.908
10 87 0.673
10 88 0.710
10 89 0.959
10 90 0.666
10 91 0.996
10 92 0.583
10 93 0.402
10 94 0.072
10 95 0.066
10 96 0.403
10 97 0.685
10 98 0.311
10 99 0.078
10 100 0.027
11 12 0.268
11 13 0.736
11 14 0.841
11 15 0.372
11 16 0.684
11 17 0.469
11 18 0.675
11 19 0.048
11 20 0.234
11 21 0.708
11 22 0.571
11 23 0.424
11 24 0.999
11 25 0.583
11 26 0.618
11 27 0.739
11 28 0.904
11 29 0.913
11 30 0.132
11 31 0.338
11 32 0.042
11 33 0.701
11 34 0.480
11 35 0.638
11 36 0.983
11 37 0.713
11 38 0.050
11 39 0.909
11 40 0.281
11 41 0.988
11 42 0.352
11 43 0.465
11 44 0.904
11 45 0.610
11 46 0.708
11 47 0.367
11 48 0.799
11 49 0.611
11 50 0.499
11 51 0.221
11 52 0.320
11 53 0.317
11 54 0.444
11 55 0.169
11 56 0.727
11 57 0.005
11 58 0.883
11 59 0.672
11 60 0.479
11 61 0.207
11 62 0.511
11 63 0.166
11 64 0.550
11 65 0.503
11 66 0.568
11 67 0.203
11 68 0.465
11 69 0.142
11 70 0.915
11 71 0.148
11 72 0.295
11 73 0.354
11 74 0.998
11 75 0.049
11 76 0.322
11 77 0.667
11 78 0.137
11 79 0.759
11 80 0.588
11 81 0.106
11 82 0.146
11 83 0.902
11 84 0.053
11 85 0.586
11 86 0.714
11 87 0.793
11 88 0.585
11 89 0.370
11 90 0.546
11 91 0.888
11 92 0.485
11 93 0.913
11 94 0.712
11 95 0.862
11 96 0.784
11 97 0.954
11 98 0.191
11 99 0.924
11 100 0.019
12 13 0.191
12 14 0.060
12 15 0.435
12 16 0.708
12 17 0.379
12 18 0.312
12 19 0.451
12 20 0.250
12 21 0.200
12 22 0.766
12 23 0.261
12 24 0.461
12 25 0.759
12 26 0.033
12 27 0.536
12 28 0.464
12 29 0.022
12 30 0.012
12 31 0.159
12 32 0.164
12 33 0.070
12 34 0.891
12 35 0.354
12 36 0.008
12 37 0.495
12 38 0.109
12 39 0.186
12 40 0.264
12 41 0.783
12 42 0.249
12 43 0.043
12 44 0.536
12 45 0.038
12 46 0.347
12 47 0.181
12 48 0.718
12 49 0.875
12 50 0.564
12 51 0.934
12 52 0.131
12 53 0.846
12 54 0.704
12 55 0.682
12 56 0.045
12 57 0.219
12 58 0.543
12 59 0.160
12 60 0.302
12 61 0.471
12 62 0.435
12 63 0.222
12 64 0.271
12 65 0.340
12 66 0.171
12 67 0.631
12 68 0.851
12 69 0.763
12 70 0.543
12 71 0.991
12 72 0.728
12 73 0.560
12 74 0.612
12 75 0.393
12 76 0.625
12 77 0.201
12 78 0.112
12 79 0.886
12 80 0.742
12 81 0.501
12 82 0.988
12 83 0.358
12 84 0.130
12 85 0.588
12 86 0.525
12 87 0.922
12 88 0.190
12 89 0.979
12 90 0.030
12 91 0.407
12 92 0.036
12 93 0.127
12 94 0.554
12 95 0.031
12 96 0.935
12 97 0.260
12 98 0.604
12 99 0.876
12 100 0.539
13 14 0.871
13 15 0.325
13 16 0.227
13 17 0.133
13 18 0.700
13 19 0.117
13 20 0.405
13 21 0.613
13 22 0.545
13 23 0.156
13 24 0.148
13 25 0.418
13 26 0.757
13 27 0.790
13 28 0.172
13 29 0.130
13 30 0.748
13 31 0.274
13 32 0.977
13 33 0.961
13 34 0.376
13 35 0.816
13 36 0.501
13 37 0.853
13 38 0.525
13 39 0.404
13 40 0.731
13 41 0.400
13 42 0.750
13 43 0.380
13 44 0.835
13 45 0.313
13 46 0.315
13 47 0.233
13 48 0.935
13 49 0.654
13 50 0.461
13 51 0.569
13 52 0.099
13 53 0.548
13 54 0.279
13 55 0.751
13 56 0.657
13 57 0.601
13 58 0.987
13 59 0.143
13 60 0.425
13 61 0.731
13 62 0.998
13 63 0.465
13 64 0.934
13 65 0.642
13 66 0.590
13 67 0.192
13 68 0.262
13 69 0.660
13 70 0.544
13 71 0.491
13 72 0.558
13 73 0.131
13 74 0.579
13 75 0.658
13 76 0.853
13 77 0.133
13 78 0.935
13 79 0.515
13 80 0.249
13 81 0.685
13 82 0.947
13 83 0.746
13 84 0.091
13 85 0.195
13 86 0.953
13 87 0.636
13 88 0.197
13 89 0.364
13 90 0.380
13 91 0.190
13 92 0.754
13 93 0.253
13 94 0.348
13 95 0.080
13 96 0.976
13 97 0.738
13 98 0.645
13 99 0.417
13 100 0.102
14 15 0.080
14 16 0.409
14 17 0.790
14 18 0.842
14 19 0.812
14 20 0.356
14 21 0.564
14 22 0.864
14 23 0.680
14 24 0.916
14 25 0.888
14 26 0.401
14 27 0.839
14 28 0.102
14 29 0.389
14 30 0.593
14 31 0.037
14 32 0.463
14 33 0.022
14 34 0.645
14 35 0.001
14 36 0.966
14 37 0.042
14 38 0.393
14 39 0.736
14 40 0.155
14 41 0.571
14 42 0.379
14 43 0.971
14 44 0.410
14 45 0.719
14 46 0.028
14 47 0.458
14 48 0.686
14 49 0.743
14 50 0.010
14 51 0.345
14 52 0.535
14 53 0.194
14 54 0.400
14 55 0.351
14 56 0.786
14 57 0.538
14 58 0.711
14 59 0.948
14 60 0.717
14 61 0.213
14 62 0.406
14 63 0.279
14 64 0.047
14 65 0.584
14 66 0.973
14 67 0.023
14 68 0.624
14 69 0.778
14 70 0.169
14 71 0.937
14 72 0.119
14 73 0.855
14 74 0.514
14 75 0.283
14 76 0.596
14 77 0.297
14 78 0.640
14 79 0.856
14 80 0.286
14 81 0.263
14 82 0.578
14 83 0.850
14 84 0.413
14 85 0.611
14 86 0.583
14 87 0.264
14 88 0.418
14 89 0.118
14 90 0.598
14 91 0.064
14 92 0.425
14 93 0.897
14 94 0.929
14 95 0.840
14 96 0.289
14 97 0.469
14 98 0.246
14 99 0.159
14 100 0.070
15 16 0.447
15 17 0.502
15 18 0.333
15 19 0.283
15 20 0.323
15 21 0.844
15 22 0.832
15 23 0.758
15 24 0.314
15 25 0.133
15 26 0.054
15 27 0.464
15 28 0.730
15 29 0.158
15 30 0.668
15 31 0.132
15 32 0.849
15 33 0.133
15 34 0.253
15 35 0.025
15 36 0.750
15 37 0.572
15 38 0.454
15 39 0.704
15 40 0.094
15 41 0.151
15 42 0.363
15 43 0.115
15 44 0.293
15 45 0.624
15 46 0.360
15 47 0.870
15 48 0.066
15 49 0.407
15 50 0.117
15 51 0.036
15 52 0.831
15 53 0.925
15 54 0.998
15 55 0.296
15 56 0.907
15 57 0.294
15 58 0.553
15 59 0.818
15 60 0.994
15 61 0.458
15 62 0.356
15 63 0.676
15 64 0.909
15 65 0.359
15 66 0.874
15 67 0.168
15 68 0.028
15 69 0.237
15 70 0.607
15 71 0.874
15 72 0.421
15 73 0.659
15 74 0.205
15 75 0.795
15 76 0.138
15 77 0.358
15 78 0.792
15 79 0.430
15 80 0.622
15 81 0.493
15 82 0.206
15 83 0.108
15 84 0.705
15 85 0.410
15 86 0.378
15 87 0.452
15 88 0.177
15 89 0.505
15 90 0.571
15 91 0.291
15 92 0.372
15 93 0.276
15 94 0.692
15 95 0.876
15 96 0.762
15 97 0.166
15 98 0.400
15 99 0.751
15 100 0.010
16 17 0.291
16 18 0.230
16 19 0.100
16 20 0.465
16 21 0.630
16 22 0.445
16 23 0.944
16 24 0.558
16 25 0.795
16 26 0.842
16 27 0.000
16 28 0.069
16 29 0.960
16 30 0.229
16 31 0.575
16 32 0.740
16 33 0.043
16 34 0.788
16 35 0.314
16 36 0.198
16 37 0.741
16 38 0.045
16 39 0.167
16 40 0.652
16 41 0.505
16 42 0.671
16 43 0.403
16 44 0.347
16 45 0.055
16 46 0.822
16 47 0.018
16 48 0.226
16 49 0.526
16 50 0.249
16 51 0.392
16 52 0.785
16 53 0.836
16 54 0.880
16 55 0.519
16 56 0.574
16 57 0.375
16 58 0.116
16 59 0.676
16 60 0.331
16 61 0.605
16 62 0.540
16 63 0.854
16 64 0.200
16 65 0.663
16 66 0.263
16 67 0.811
16 68 0.009
16 69 0.572
16 70 0.631
16 71 0.078
16 72 0.089
16 73 0.133
16 74 0.508
16 75 0.774
16 76 0.572
16 77 0.116
16 78 0.852
16 79 0.563
16 80 0.674
16 81 0.826
16 82 0.807
16 83 0.600
16 84 0.904
16 85 0.644
16 86 0.024
16 87 0.821
16 88 0.676
16 89 0.633
16 90 0.438
16 91 0.395
16 92 0.301
16 93 0.817
16 94 0.209
16 95 0.709
16 96 0.815
16 97 0.203
16 98 0.057
16 99 0.718
16 100 0.621
17 18 0.159
17 19 0.704
17 20 0.996
17 21 0.407
17 22 0.240
17 23 0.636
17 24 0.349
17 25 0.313
17 26 0.037
17 27 0.918
17 28 0.317
17 29 0.820
17 30 0.173
17 31 0.268
17 32 0.422
17 33 0.316
17 34 0.013
17 35 0.112
17 36 0.496
17 37 0.821
17 38 0.196
17 39 0.849
17 40 0.939
17 41 0.839
17 42 0.579
17 43 0.023
17 44 0.245
17 45 0.788
17 46 0.687
17 47 0.643
17 48 0.652
17 49 0.012
17 50 0.261
17 51 0.358
17 52 0.238
17 53 0.800
17 54 0.001
17 55 0.709
17 56 0.331
17 57 0.417
17 58 0.097
17 59 0.170
17 60 0.560
17 61 0.600
17 62 0.638
17 63 0.213
17 64 0.397
17 65 0.484
17 66 0.497
17 67 0.097
17 68 0.533
17 69 0.439
17 70 0.785
17 71 0.612
17 72 0.934
17 73 0.774
17 74 0.468
17 75 0.490
17 76 0.913
17 77 0.789
17 78 0.237
17 79 0.711
17 80 0.076
17 81 0.129
17 82 0.226
17 83 0.405
17 84 0.466
17 85 0.929
17 86 0.684
17 87 0.595
17 88 0.769
17 89 0.697
17 90 0.170
17 91 0.473
17 92 0.914
17 93 0.417
17 94 0.388
17 95 0.443
17 96 0.909
17 97 0.840
17 98 0.242
17 99 0.651
17 100 0.265
18 19 0.425
18 20 0.216
18 21 0.207
18 22 0.850
18 23 0.907
18 24 0.655
18 25 0.838
18 26 0.507
18 27 0.954
18 28 0.065
18 29 0.171
18 30 0.294
18 31 0.887
18 32 1.000
18 33 0.375
18 34 0.683
18 35 0.925
18 36 0.652
18 37 0.386
18 38 0.554
18 39 0.937
18 40 0.724
18 41 0.414
18 42 0.344
18 43 0.145
18 44 0.684
18 45 0.978
18 46 0.184
18 47 0.784
18 48 0.991
18 49 0.163
18 50 0.368
18 51 0.144
18 52 0.397
18 53 0.333
18 54 0.999
18 55 0.004
18 56 0.904
18 57 0.011
18 58 0.163
18 59 0.892
18 60 0.479
18 61 0.152
18 62 0.457
18 63 0.171
18 64 0.119
18 65 0.519
18 66 0.239
18 67 0.388
18 68 0.360
18 69 0.388
18 70 0.420
18 71 0.887
18 72 0.821
18 73 0.297
18 74 0.159
18 75 0.125
18 76 0.880
18 77 0.055
18 78 0.294
18 79 0.684
18 80 0.077
18 81 0.743
18 82 0.862
18 83 0.430
18 84 0.332
18 85 0.907
18 86 0.540
18 87 0.801
18 88 0.574
18 89 0.672
18 90 0.363
18 91 0.679
18 92 0.881
18 93 0.001
18 94 0.556
18 95 0.834
18 96 0.717
18 97 0.805
18 98 0.825
18 99 0.386
18 100 0.358
19 20 0.131
19 21 0.947
19 22 0.269
19 23 0.114
19 24 0.145
19 25 0.013
19 26 0.168
19 27 0.424
19 28 0.131
19 29 0.154
19 30 0.879
19 31 0.429
19 32 0.219
19 33 0.112
19 34 0.586
19 35 0.116
19 36 0.066
19 37 0.471
19 38 0.003
19 39 0.615
19 40 0.205
19 41 0.932
19 42 0.859
19 43 0.765
19 44 0.285
19 45 0.429
19 46 0.699
19 47 0.517
19 48 0.920
19 49 0.478
19 50 0.454
19 51 0.289
19 52 0.358
19 53 0.557
19 54 0.772
19 55 0.853
19 56 0.700
19 57 0.901
19 58 0.551
19 59 0.857
19 60 0.882
19 61 0.523
19 62 0.674
19 63 0.570
19 64 0.138
19 65 0.825
19 66 0.382
19 67 0.940
19 68 0.166
19 69 0.639
19 70 0.283
19 71 0.575
19 72 0.710
19 73 0.038
19 74 0.446
19 75 0.720
19 76 0.789
19 77 0.756
19 78 0.556
19 79 0.839
19 80 0.271
19 81 0.576
19 82 0.600
19 83 0.889
19 84 0.036
19 85 0.517
19 86 0.053
19 87 0.880
19 88 0.423
19 89 0.166
19 90 0.024
19 91 0.816
19 92 0.202
19 93 0.002
19 94 0.345
19 95 0.614
19 96 0.764
19 97 0.052
19 98 0.058
19 99 0.088
19 100 0.779
20 21 0.731
20 22 0.284
20 23 0.591
20 24 0.008
20 25 0.194
20 26 0.921
20 27 0.428
20 28 0.516
20 29 0.061
20 30 0.164
20 31 0.596
20 32 0.982
20 33 0.844
20 34 0.297
20 35 0.991
20 36 0.346
20 37 0.937
20 38 0.740
20 39 0.632
20 40 0.494
20 41 0.491
20 42 0.803
20 43 0.030
20 44 0.203
20 45 0.037
20 46 0.135
20 47 0.273
20 48 0.083
20 49 0.190
20 50 0.324
20 51 0.937
20 52 0.700
20 53 0.280
20 54 0.618
20 55 0.398
20 56 0.638
20 57 0.257
20 58 0.237
20 59 0.665
20 60 0.688
20 61 0.712
20 62 0.252
20 63 0.295
20 64 0.896
20 65 0.348
20 66 0.489
20 67 0.518
20 68 0.692
20 69 0.770
20 70 0.427
20 71 0.138
20 72 0.809
20 73 0.904
20 74 0.572
20 75 0.320
20 76 0.219
20 77 0.919
20 78 0.258
20 79 0.849
20 80 0.796
20 81 0.976
20 82 0.357
20 83 0.959
20 84 0.939
20 85 0.660
20 86 0.863
20 87 0.323
20 88 0.857
20 89 0.426
20 90 0.811
20 91 0.301
20 92 0.747
20 93 0.920
20 94 0.517
20 95 0.035
20 96 0.576
20 97 0.500
20 98 0.587
20 99 0.489
20 100 0.694
21 22 0.815
21 23 0.680
21 24 0.023
21 25 0.988
21 26 0.777
21 27 0.487
21 28 0.605
21 29 0.799
21 30 0.781
21 31 0.894
21 32 0.240
21 33 0.325
21 34 0.494
21 35 0.803
21 36 0.719
21 37 0.726
21 38 0.091
21 39 0.569
21 40 0.285
21 41 0.641
21 42 0.245
21 43 0.534
21 44 0.300
21 45 0.352
21 46 0.742
21 47 0.625
21 48 0.512
21 49 0.303
21 50 0.054
21 51 0.472
21 52 0.016
21 53 0.192
21 54 0.712
21 55 0.030
21 56 0.504
21 57 0.364
21 58 0.826
21 59 0.169
21 60 0.895
21 61 0.712
21 62 0.600
21 63 0.195
21 64 0.936
21 65 0.812
21 66 0.171
21 67 0.777
21 68 0.876
21 69 0.512
21 70 0.637
21 71 0.252
21 72 0.800
21 73 0.686
21 74 0.601
21 75 0.762
21 76 0.719
21 77 0.383
21 78 0.076
21 79 0.210
21 80 0.012
21 81 0.076
21 82 0.108
21 83 0.493
21 84 0.304
21 85 0.244
21 86 0.946
21 87 0.981
21 88 0.392
21 89 0.993
21 90 0.110
21 91 0.711
21 92 0.294
21 93 0.947
21 94 0.197
21 95 0.278
21 96 0.023
21 97 0.114
21 98 0.776
21 99 0.863
21 100 0.183
22 23 0.962
22 24 0.205
22 25 0.399
22 26 0.975
22 27 0.405
22 28 0.726
22 29 0.321
22 30 0.710
22 31 0.937
22 32 0.665
22 33 0.876
22 34 0.417
22 35 0.615
22 36 0.105
22 37 0.469
22 38 0.653
22 39 0.127
22 40 0.847
22 41 0.001
22 42 0.093
22 43 0.648
22 44 0.032
22 45 0.673
22 46 1.000
22 47 0.711
22 48 0.237
22 49 0.231
22 50 0.178
22 51 0.811
22 52 0.423
22 53 0.113
22 54 0.486
22 55 0.965
22 56 0.546
22 57 0.465
22 58 0.513
22 59 0.931
22 60 0.194
22 61 0.505
22 62 0.516
22 63 0.329
22 64 0.096
22 65 0.194
22 66 0.203
22 67 0.356
22 68 0.830
22 69 0.686
22 70 0.457
22 71 0.338
22 72 0.588
22 73 0.531
22 74 0.604
22 75 0.821
22 76 0.338
22 77 0.083
22 78 0.304
22 79 0.428
22 80 0.229
22 81 0.112
22 82 0.675
22 83 0.198
22 84 0.571
22 85 0.049
22 86 0.725
22 87 0.624
22 88 0.253
22 89 0.873
22 90 0.709
22 91 0.115
22 92 0.924
22 93 0.078
22 94 0.478
22 95 0.095
22 96 0.800
22 97 0.705
22 98 0.439
22 99 0.455
22 100 0.413
23 24 0.901
23 25 0.203
23 26 0.590
23 27 0.184
23 28 0.978
23 29 0.519
23 30 0.722
23 31 0.121
23 32 0.440
23 33 0.593
23 34 0.744
23 35 0.525
23 36 0.944
23 37 0.378
23 38 0.291
23 39 0.021
23 40 0.660
23 41 0.935
23 42 0.264
23 43 0.765
23 44 0.016
23 45 0.452
23 46 0.528
23 47 0.179
23 48 0.273
23 49 0.026
23 50 0.989
23 51 0.050
23 52 0.919
23 53 0.788
23 54 0.787
23 55 0.328
23 56 0.336
23 57 0.471
23 58 0.817
23 59 0.495
23 60 0.719
23 61 0.024
23 62 0.280
23 63 0.813
23 64 0.711
23 65 0.345
23 66 0.521
23 67 0.321
23 68 0.722
23 69 0.749
23 70 0.823
23 71 0.917
23 72 0.405
23 73 0.242
23 74 0.428
23 75 0.364
23 76 0.254
23 77 0.226
23 78 0.458
23 79 0.565
23 80 0.790
23 81 0.688
23 82 0.982
23 83 0.964
23 84 0.314
23 85 0.505
23 86 0.946
23 87 0.392
23 88 0.686
23 89 0.936
23 90 0.171
23 91 0.226
23 92 0.099
23 93 0.899
23 94 0.145
23 95 0.192
23 96 0.329
23 97 0.134
23 98 0.841
23 99 0.656
23 100 0.408
24 25 0.839
24 26 0.249
24 27 0.750
24 28 0.213
24 29 0.869
24 30 0.878
24 31 0.176
24 32 0.918
24 33 0.108
24 34 0.912
24 35 0.032
24 36 0.799
24 37 0.083
24 38 0.266
24 39 0.504
24 40 0.338
24 41 0.442
24 42 0.244
24 43 0.764
24 44 0.112
24 45 0.366
24 46 0.023
24 47 0.924
24 48 0.434
24 49 0.517
24 50 0.683
24 51 0.382
24 52 0.200
24 53 0.626
24 54 0.004
24 55 0.415
24 56 0.935
24 57 0.297
24 58 0.739
24 59 0.352
24 60 0.478
24 61 0.131
24 62 0.592
24 63 0.170
24 64 0.306
24 65 0.767
24 66 0.617
24 67 0.873
24 68 0.938
24 69 0.924
24 70 0.251
24 71 0.476
24 72 0.405
24 73 0.043
24 74 0.712
24 75 0.951
24 76 0.245
24 77 0.623
24 78 0.962
24 79 0.980
24 80 0.005
24 81 0.847
24 82 0.980
24 83 0.847
24 84 0.697
24 85 0.582
24 86 0.531
24 87 0.325
24 88 0.201
24 89 0.363
24 90 0.184
24 91 0.899
24 92 0.066
24 93 0.436
24 94 0.772
24 95 0.160
24 96 0.685
24 97 0.470
24 98 0.018
24 99 0.726
24 100 0.315
25 26 0.020
25 27 0.566
25 28 0.529
25 29 0.900
25 30 0.346
25 31 0.099
25 32 0.801
25 33 0.184
25 34 0.664
25 35 0.798
25 36 0.630
25 37 0.064
25 38 0.449
25 39 0.839
25 40 0.396
25 41 0.660
25 42 0.855
25 43 0.158
25 44 0.956
25 45 0.076
25 46 0.872
25 47 0.194
25 48 0.911
25 49 0.311
25 50 0.287
25 51 0.833
25 52 0.802
25 53 0.292
25 54 0.073
25 55 0.280
25 56 0.573
25 57 0.505
25 58 0.271
25 59 0.058
25 60 0.155
25 61 0.177
25 62 0.981
25 63 0.875
25 64 0.505
25 65 0.498
25 66 0.537
25 67 0.556
25 68 0.952
25 69 0.832
25 70 0.478
25 71 0.785
25 72 0.183
25 73 0.401
25 74 0.395
25 75 0.844
25 76 0.724
25 77 0.398
25 78 0.252
25 79 0.095
25 80 0.254
25 81 0.015
25 82 0.280
25 83 0.413
25 84 0.598
25 85 0.332
25 86 0.028
25 87 0.283
25 88 0.737
25 89 0.553
25 90 0.672
25 91 0.793
25 92 0.691
25 93 0.558
25 94 0.175
25 95 0.225
25 96 0.600
25 97 0.223
25 98 0.386
25 99 0.484
25 100 0.870
26 27 0.498
26 28 0.684
26 29 0.059
26 30 0.704
26 31 0.697
26 32 0.242
26 33 0.762
26 34 0.886
26 35 0.973
26 36 0.527
26 37 0.934
26 38 0.133
26 39 0.450
26 40 0.107
26 41 0.366
26 42 0.891
26 43 0.977
26 44 0.382
26 45 0.631
26 46 0.888
26 47 0.973
26 48 0.312
26 49 0.056
26 50 0.318
26 51 0.333
26 52 0.746
26 53 0.058
26 54 0.965
26 55 0.865
26 56 0.449
26 57 0.045
26 58 0.148
26 59 0.221
26 60 0.409
26 61 0.623
26 62 0.801
26 63 0.798
26 64 0.533
26 65 0.308
26 66 0.546
26 67 0.576
26 68 0.311
26 69 0.478
26 70 0.102
26 71 0.355
26 72 0.550
26 73 0.768
26 74 0.870
26 75 0.370
26 76 0.774
26 77 0.642
26 78 0.039
26 79 0.746
26 80 0.373
26 81 0.351
26 82 0.059
26 83 0.762
26 84 0.108
26 85 0.996
26 86 0.823
26 87 0.398
26 88 0.055
26 89 0.922
26 90 0.398
26 91 0.126
26 92 0.589
26 93 0.154
26 94 0.657
26 95 0.419
26 96 0.496
26 97 0.095
26 98 0.649
26 99 0.951
26 100 0.814
27 28 0.209
27 29 0.055
27 30 0.939
27 31 0.488
27 32 0.910
27 33 0.567
27 34 0.623
27 35 0.437
27 36 0.356
27 37 0.545
27 38 0.324
27 39 0.131
27 40 0.400
27 41 0.784
27 42 0.074
27 43 0.267
27 44 0.384
27 45 0.743
27 46 0.265
27 47 0.629
27 48 0.019
27 49 0.074
27 50 0.309
27 51 0.753
27 52 0.052
27 53 0.800
27 54 0.746
27 55 0.454
27 56 0.954
27 57 0.985
27 58 0.810
27 59 0.841
27 60 0.332
27 61 0.231
27 62 0.880
27 63 0.891
27 64 0.304
27 65 0.857
27 66 0.815
27 67 0.197
27 68 0.530
27 69 0.106
27 70 0.626
27 71 0.957
27 72 0.144
27 73 0.203
27 74 0.464
27 75 0.823
27 76 0.284
27 77 0.634
27 78 0.379
27 79 0.691
27 80 0.456
27 81 0.472
27 82 0.834
27 83 0.027
27 84 0.434
27 85 0.103
27 86 0.433
27 87 0.825
27 88 0.935
27 89 0.188
27 90 0.836
27 91 0.787
27 92 0.767
27 93 0.213
27 94 0.324
27 95 0.826
27 96 0.680
27 97 0.461
27 98 0.995
27 99 0.476
27 100 0.641
28 29 0.767
28 30 0.041
28 31 0.313
28 32 0.743
28 33 0.872
28 34 0.100
28 35 0.970
28 36 0.477
28 37 0.751
28 38 0.120
28 39 0.851
28 40 0.571
28 41 0.734
28 42 0.735
28 43 0.127
28 44 0.135
28 45 0.781
28 46 0.603
28 47 0.118
28 48 0.310
28 49 0.735
28 50 0.678
28 51 0.645
28 52 0.155
28 53 0.927
28 54 0.886
28 55 0.450
28 56 0.987
28 57 0.941
28 58 0.179
28 59 0.288
28 60 0.883
28 61 0.914
28 62 0.426
28 63 0.757
28 64 0.577
28 65 0.189
28 66 0.115
28 67 0.496
28 68 0.463
28 69 0.692
28 70 0.336
28 71 0.815
28 72 0.925
28 73 0.846
28 74 0.013
28 75 0.365
28 76 0.709
28 77 0.392
28 78 0.847
28 79 0.939
28 80 0.564
28 81 0.947
28 82 0.955
28 83 0.998
28 84 0.855
28 85 0.644
28 86 0.650
28 87 0.018
28 88 0.394
28 89 0.705
28 90 0.355
28 91 0.241
28 92 0.171
28 93 0.278
28 94 0.107
28 95 0.940
28 96 0.241
28 97 0.399
28 98 0.613
28 99 0.784
28 100 0.459
29 30 0.401
29 31 0.347
29 32 0.384
29 33 0.293
29 34 0.637
29 35 0.638
29 36 0.646
29 37 0.431
29 38 0.842
29 39 0.226
29 40 0.984
29 41 0.405
29 42 0.989
29 43 0.254
29 44 0.026
29 45 0.946
29 46 0.978
29 47 0.167
29 48 0.874
29 49 0.285
29 50 0.002
29 51 0.477
29 52 0.536
29 53 0.136
29 54 0.936
29 55 0.878
29 56 0.608
29 57 0.553
29 58 0.587
29 59 0.666
29 60 0.807
29 61 0.405
29 62 0.162
29 63 0.939
29 64 0.451
29 65 0.672
29 66 0.778
29 67 0.550
29 68 0.468
29 69 0.291
29 70 0.375
29 71 0.268
29 72 0.046
29 73 0.759
29 74 0.869
29 75 0.133
29 76 0.500
29 77 0.222
29 78 0.886
29 79 0.460
29 80 0.460
29 81 0.268
29 82 0.929
29 83 0.469
29 84 0.970
29 85 0.131
29 86 0.305
29 87 0.004
29 88 0.598
29 89 0.547
29 90 0.685
29 91 0.314
29 92 0.136
29 93 0.954
29 94 0.606
29 95 0.368
29 96 0.001
29 97 0.276
29 98 0.786
29 99 0.657
29 100 0.924
30 31 0.001
30 32 0.582
30 33 0.972
30 34 0.010
30 35 0.770
30 36 0.439
30 37 0.116
30 38 0.786
30 39 0.201
30 40 0.671
30 41 0.019
30 42 0.308
30 43 0.165
30 44 0.421
30 45 0.222
30 46 0.932
30 47 0.226
30 48 0.148
30 49 0.215
30 50 0.844
30 51 0.478
30 52 0.465
30 53 0.568
30 54 0.933
30 55 0.483
30 56 0.705
30 57 0.358
30 58 0.118
30 59 0.539
30 60 0.022
30 61 0.835
30 62 0.700
30 63 0.990
30 64 0.399
30 65 0.804
30 66 0.855
30 67 0.800
30 68 0.397
30 69 0.697
30 70 0.845
30 71 0.116
30 72 0.977
30 73 0.801
30 74 0.048
30 75 0.019
30 76 0.263
30 77 0.599
30 78 0.406
30 79 0.208
30 80 0.570
30 81 0.713
30 82 0.370
30 83 0.817
30 84 0.547
30 85 0.405
30 86 0.954
30 87 0.085
30 88 0.777
30 89 0.103
30 90 0.974
30 91 0.113
30 92 0.688
30 93 0.930
30 94 0.077
30 95 0.405
30 96 0.103
30 97 0.699
30 98 0.656
30 99 0.433
30 100 0.280
31 32 0.339
31 33 0.229
31 34 0.920
31 35 0.793
31 36 0.235
31 37 0.400
31 38 0.092
31 39 0.079
31 40 0.428
31 41 0.967
31 42 0.587
31 43 0.023
31 44 0.168
31 45 0.298
31 46 0.255
31 47 0.391
31 48 0.772
31 49 0.551
31 50 0.571
31 51 0.483
31 52 0.263
31 53 0.838
31 54 0.868
31 55 0.834
31 56 0.756
31 57 0.928
31 58 0.115
31 59 0.316
31 60 0.061
31 61 0.577
31 62 0.467
31 63 0.474
31 64 0.474
31 65 0.087
31 66 0.284
31 67 0.452
31 68 0.217
31 69 0.180
31 70 0.864
31 71 0.340
31 72 0.509
31 73 0.787
31 74 0.587
31 75 0.300
31 76 0.719
31 77 0.840
31 78 0.703
31 79 0.304
31 80 0.586
31 81 0.666
31 82 0.474
31 83 0.827
31 84 0.971
31 85 0.073
31 86 0.894
31 87 0.350
31 88 0.096
31 89 0.720
31 90 0.705
31 91 0.003
31 92 0.763
31 93 0.880
31 94 0.923
31 95 0.205
31 96 0.500
31 97 0.158
31 98 0.600
31 99 0.630
31 100 0.112
32 33 0.296
32 34 0.034
32 35 0.357
32 36 0.609
32 37 0.630
32 38 0.155
32 39 0.538
32 40 0.971
32 41 0.305
32 42 0.289
32 43 0.434
32 44 0.730
32 45 0.839
32 46 0.042
32 47 0.158
32 48 0.824
32 49 0.133
32 50 0.500
32 51 0.970
32 52 0.702
32 53 0.516
32 54 0.479
32 55 0.474
32 56 0.148
32 57 0.919
32 58 0.039
32 59 0.545
32 60 0.788
32 61 0.777
32 62 0.975
32 63 0.349
32 64 0.754
32 65 0.751
32 66 0.520
32 67 0.289
32 68 0.463
32 69 0.854
32 70 0.953
32 71 0.218
32 72 0.002
32 73 0.092
32 74 0.361
32 75 0.774
32 76 0.059
32 77 0.200
32 78 0.244
32 79 0.167
32 80 0.891
32 81 0.570
32 82 0.212
32 83 0.275
32 84 0.293
32 85 0.969
32 86 0.460
32 87 0.382
32 88 0.024
32 89 0.141
32 90 0.270
32 91 0.408
32 92 0.675
32 93 0.874
32 94 0.239
32 95 0.971
32 96 0.444
32 97 0.642
32 98 0.458
32 99 0.135
32 100 0.777
33 34 0.411
33 35 0.365
33 36 0.165
33 37 0.356
33 38 0.698
33 39 0.484
33 40 0.161
33 41 0.393
33 42 0.475
33 43 0.768
33 44 0.892
33 45 0.710
33 46 0.025
33 47 0.777
33 48 0.687
33 49 0.561
33 50 0.330
33 51 0.391
33 52 0.724
33 53 0.671
33 54 0.090
33 55 0.294
33 56 0.552
33 57 0.467
33 58 0.969
33 59 0.937
33 60 0.205
33 61 0.955
33 62 0.158
33 63 0.203
33 64 0.741
33 65 0.225
33 66 0.848
33 67 0.492
33 68 0.549
33 69 0.046
33 70 0.711
33 71 0.444
33 72 0.276
33 73 0.524
33 74 0.983
33 75 0.020
33 76 0.711
33 77 0.286
33 78 0.236
33 79 0.159
33 80 0.472
33 81 0.161
33 82 0.439
33 83 0.732
33 84 0.840
33 85 0.837
33 86 0.399
33 87 0.004
33 88 0.580
33 89 0.440
33 90 0.180
33 91 0.335
33 92 0.103
33 93 0.526
33 94 0.584
33 95 0.330
33 96 0.795
33 97 0.448
33 98 0.302
33 99 0.154
33 100 0.881
34 35 0.555
34 36 0.812
34 37 0.244
34 38 0.642
34 39 0.212
34 40 0.637
34 41 0.123
34 42 0.347
34 43 0.092
34 44 0.034
34 45 0.541
34 46 0.740
34 47 0.722
34 48 0.734
34 49 0.662
34 50 0.414
34 51 0.739
34 52 0.800
34 53 0.513
34 54 0.939
34 55 0.836
34 56 0.216
34 57 0.418
34 58 0.058
34 59 0.866
34 60 0.298
34 61 0.631
34 62 0.828
34 63 0.057
34 64 0.508
34 65 0.890
34 66 0.017
34 67 0.833
34 68 0.779
34 69 0.107
34 70 0.627
34 71 0.184
34 72 0.943
34 73 0.923
34 74 0.869
34 75 0.073
34 76 0.344
34 77 0.326
34 78 0.445
34 79 0.838
34 80 0.245
34 81 0.080
34 82 0.476
34 83 0.061
34 84 0.113
34 85 0.153
34 86 0.917
34 87 0.870
34 88 0.380
34 89 0.887
34 90 0.811
34 91 0.153
34 92 0.771
34 93 0.117
34 94 0.217
34 95 0.634
34 96 0.792
34 97 0.957
34 98 0.159
34 99 0.300
34 100 0.481
35 36 0.474
35 37 0.444
35 38 0.137
35 39 0.002
35 40 0.980
35 41 0.686
35 42 0.639
35 43 0.183
35 44 0.134
35 45 0.385
35 46 0.074
35 47 0.595
35 48 0.602
35 49 0.395
35 50 0.958
35 51 0.257
35 52 0.474
35 53 0.648
35 54 0.723
35 55 0.570
35 56 0.165
35 57 0.444
35 58 0.032
35 59 0.567
35 60 0.020
35 61 0.180
35 62 0.725
35 63 0.075
35 64 0.331
35 65 0.848
35 66 0.845
35 67 0.882
35 68 0.005
35 69 0.147
35 70 0.738
35 71 0.508
35 72 0.577
35 73 0.554
35 74 0.673
35 75 0.664
35 76 0.805
35 77 0.200
35 78 0.962
35 79 0.002
35 80 0.565
35 81 0.889
35 82 0.052
35 83 0.241
35 84 0.246
35 85 0.111
35 86 0.543
35 87 0.276
35 88 0.393
35 89 0.384
35 90 0.620
35 91 0.346
35 92 0.787
35 93 0.782
35 94 0.849
35 95 0.871
35 96 0.708
35 97 0.974
35 98 0.825
35 99 0.038
35 100 0.578
36 37 0.636
36 38 0.621
36 39 0.748
36 40 0.712
36 41 0.571
36 42 0.522
36 43 0.993
36 44 0.398
36 45 0.377
36 46 0.005
36 47 0.277
36 48 0.023
36 49 0.016
36 50 0.436
36 51 0.170
36 52 0.457
36 53 0.125
36 54 0.452
36 55 0.584
36 56 0.428
36 57 0.401
36 58 0.498
36 59 0.862
36 60 0.086
36 61 0.928
36 62 0.491
36 63 0.288
36 64 0.502
36 65 0.766
36 66 0.065
36 67 0.102
36 68 0.291
36 69 0.654
36 70 0.389
36 71 0.605
36 72 0.104
36 73 0.179
36 74 0.006
36 75 0.468
36 76 0.189
36 77 0.244
36 78 0.673
36 79 0.825
36 80 0.748
36 81 0.180
36 82 0.669
36 83 0.243
36 84 0.314
36 85 0.355
36 86 0.535
36 87 0.171
36 88 0.849
36 89 0.609
36 90 0.721
36 91 0.959
36 92 0.805
36 93 0.371
36 94 0.106
36 95 0.029
36 96 0.845
36 97 0.800
36 98 0.861
36 99 0.318
36 100 0.461
37 38 0.787
37 39 0.614
37 40 0.553
37 41 0.191
37 42 0.164
37 43 0.411
37 44 0.484
37 45 0.674
37 46 0.973
37 47 0.405
37 48 0.645
37 49 0.234
37 50 0.127
37 51 0.781
37 52 0.749
37 53 0.242
37 54 0.311
37 55 0.850
37 56 0.310
37 57 0.953
37 58 0.465
37 59 0.809
37 60 0.578
37 61 0.048
37 62 0.704
37 63 0.119
37 64 0.389
37 65 0.588
37 66 0.995
37 67 0.975
37 68 0.025
37 69 0.621
37 70 0.466
37 71 0.837
37 72 0.663
37 73 0.129
37 74 0.655
37 75 0.492
37 76 0.528
37 77 0.568
37 78 0.581
37 79 0.609
37 80 0.330
37 81 0.690
37 82 0.948
37 83 0.269
37 84 0.076
37 85 0.885
37 86 0.343
37 87 0.421
37 88 0.868
37 89 0.756
37 90 0.772
37 91 0.752
37 92 0.754
37 93 0.139
37 94 0.365
37 95 0.921
37 96 0.258
37 97 0.302
37 98 0.613
37 99 0.640
37 100 0.655
38 39 0.525
38 40 0.964
38 41 0.568
38 42 0.595
38 43 0.792
38 44 0.126
38 45 0.474
38 46 0.180
38 47 0.804
38 48 0.928
38 49 0.661
38 50 0.065
38 51 0.046
38 52 0.077
38 53 0.099
38 54 0.703
38 55 0.107
38 56 0.650
38 57 0.243
38 58 0.302
38 59 0.990
38 60 0.674
38 61 0.009
38 62 0.613
38 63 0.621
38 64 0.637
38 65 0.873
38 66 0.118
38 67 0.275
38 68 0.261
38 69 0.558
38 70 0.734
38 71 0.147
38 72 0.401
38 73 0.284
38 74 0.608
38 75 0.773
38 76 0.394
38 77 0.050
38 78 0.115
38 79 0.535
38 80 0.719
38 81 0.908
38 82 0.632
38 83 0.950
38 84 0.293
38 85 0.708
38 86 0.202
38 87 0.989
38 88 0.269
38 89 0.278
38 90 0.668
38 91 0.110
38 92 0.661
38 93 0.508
38 94 0.378
38 95 0.255
38 96 0.644
38 97 0.305
38 98 0.047
38 99 0.515
38 100 0.887
39 40 0.897
39 41 0.882
39 42 0.677
39 43 0.736
39 44 0.433
39 45 0.551
39 46 0.386
39 47 0.620
39 48 0.383
39 49 0.101
39 50 0.130
39 51 0.499
39 52 0.663
39 53 0.403
39 54 0.770
39 55 0.716
39 56 0.999
39 57 0.240
39 58 0.832
39 59 0.085
39 60 0.458
39 61 0.612
39 62 0.286
39 63 0.565
39 64 0.644
39 65 0.363
39 66 0.022
39 67 0.358
39 68 0.517
39 69 0.714
39 70 0.748
39 71 0.787
39 72 0.296
39 73 0.812
39 74 0.525
39 75 0.777
39 76 0.431
39 77 0.869
39 78 0.661
39 79 0.309
39 80 0.102
39 81 1.000
39 82 0.181
39 83 0.662
39 84 0.210
39 85 0.346
39 86 0.590
39 87 0.814
39 88 0.345
39 89 0.577
39 90 0.155
39 91 0.826
39 92 0.682
39 93 0.376
39 94 0.409
39 95 0.563
39 96 0.283
39 97 0.978
39 98 0.120
39 99 0.591
39 100 0.774
40 41 0.385
40 42 0.419
40 43 0.597
40 44 0.862
40 45 0.333
40 46 0.320
40 47 0.172
40 48 0.662
40 49 0.599
40 50 0.347
40 51 0.308
40 52 0.307
40 53 0.768
40 54 0.494
40 55 0.441
40 56 0.799
40 57 0.022
40 58 0.216
40 59 0.394
40 60 0.588
40 61 0.069
40 62 0.696
40 63 0.061
40 64 0.820
40 65 0.793
40 66 0.089
40 67 0.175
40 68 0.758
40 69 0.724
40 70 0.968
40 71 0.999
40 72 0.313
40 73 0.918
40 74 0.693
40 75 0.298
40 76 0.171
40 77 0.345
40 78 0.909
40 79 0.414
40 80 0.479
40 81 0.374
40 82 0.914
40 83 0.811
40 84 0.566
40 85 0.455
40 86 0.098
40 87 0.916
40 88 0.652
40 89 0.587
40 90 0.170
40 91 0.610
40 92 0.037
40 93 0.663
40 94 0.411
40 95 0.206
40 96 0.709
40 97 0.293
40 98 0.652
40 99 0.265
40 100 0.873
41 42 0.200
41 43 0.202
41 44 0.084
41 45 0.340
41 46 0.765
41 47 0.451
41 48 0.216
41 49 0.268
41 50 0.843
41 51 0.358
41 52 0.840
41 53 0.204
41 54 0.417
41 55 0.549
41 56 0.353
41 57 0.915
41 58 0.204
41 59 0.238
41 60 0.010
41 61 0.958
41 62 0.789
41 63 0.695
41 64 0.960
41 65 0.472
41 66 0.400
41 67 0.478
41 68 0.520
41 69 0.156
41 70 0.898
41 71 0.147
41 72 0.041
41 73 0.897
41 74 0.094
41 75 0.676
41 76 0.191
41 77 0.027
41 78 0.971
41 79 0.295
41 80 0.019
41 81 0.666
41 82 0.915
41 83 0.952
41 84 0.629
41 85 0.129
41 86 0.549
41 87 0.157
41 88 0.813
41 89 0.862
41 90 0.252
41 91 0.378
41 92 0.489
41 93 0.875
41 94 0.971
41 95 0.750
41 96 0.282
41 97 0.141
41 98 0.416
41 99 0.289
41 100 0.104
42 43 0.936
42 44 0.223
42 45 0.337
42 46 0.054
42 47 0.572
42 48 0.191
42 49 0.466
42 50 0.506
42 51 0.517
42 52 0.175
42 53 0.545
42 54 0.720
42 55 0.347
42 56 0.745
42 57 0.196
42 58 0.807
42 59 0.512
42 60 0.183
42 61 0.363
42 62 0.416
42 63 0.379
42 64 0.929
42 65 0.203
42 66 0.962
42 67 0.529
42 68 0.069
42 69 0.017
42 70 0.763
42 71 0.761
42 72 0.941
42 73 0.458
42 74 0.905
42 75 0.792
42 76 0.479
42 77 0.708
42 78 0.200
42 79 0.105
42 80 0.368
42 81 0.863
42 82 0.064
42 83 0.921
42 84 0.611
42 85 0.239
42 86 0.675
42 87 0.763
42 88 0.608
42 89 0.811
42 90 0.242
42 91 0.582
42 92 0.324
42 93 0.512
42 94 0.727
42 95 0.911
42 96 0.661
42 97 0.613
42 98 0.884
42 99 0.015
42 100 0.613
43 44 0.892
43 45 0.930
43 46 0.515
43 47 0.297
43 48 0.816
43 49 0.713
43 50 0.438
43 51 0.468
43 52 0.462
43 53 0.717
43 54 0.175
43 55 0.597
43 56 0.380
43 57 0.738
43 58 0.319
43 59 0.106
43 60 0.137
43 61 0.584
43 62 0.833
43 63 0.874
43 64 0.738
43 65 0.644
43 66 0.536
43 67 0.573
43 68 0.664
43 69 0.659
43 70 0.368
43 71 0.966
43 72 0.731
43 73 0.553
43 74 0.399
43 75 0.726
43 76 0.493
43 77 0.654
43 78 0.060
43 79 0.901
43 80 0.415
43 81 0.161
43 82 0.554
43 83 0.589
43 84 0.520
43 85 0.189
43 86 0.927
43 87 0.943
43 88 0.746
43 89 0.248
43 90 0.759
43 91 0.081
43 92 0.713
43 93 0.490
43 94 0.945
43 95 0.007
43 96 0.137
43 97 0.569
43 98 0.540
43 99 0.125
43 100 0.601
44 45 0.465
44 46 0.132
44 47 0.455
44 48 0.895
44 49 0.109
44 50 0.713
44 51 0.128
44 52 0.655
44 53 0.151
44 54 0.517
44 55 0.264
44 56 0.523
44 57 0.726
44 58 0.791
44 59 0.831
44 60 0.524
44 61 0.542
44 62 0.977
44 63 0.564
44 64 0.910
44 65 0.159
44 66 0.259
44 67 0.549
44 68 0.162
44 69 0.781
44 70 0.957
44 71 0.563
44 72 0.388
44 73 0.417
44 74 0.728
44 75 0.767
44 76 0.824
44 77 0.744
44 78 0.052
44 79 0.835
44 80 0.664
44 81 0.538
44 82 0.959
44 83 0.127
44 84 0.933
44 85 0.982
44 86 0.477
44 87 0.990
44 88 0.628
44 89 0.729
44 90 0.768
44 91 0.781
44 92 0.832
44 93 0.046
44 94 0.409
44 95 0.715
44 96 0.040
44 97 0.876
44 98 0.806
44 99 0.119
44 100 0.400
45 46 0.189
45 47 0.194
45 48 0.195
45 49 0.087
45 50 0.430
45 51 0.203
45 52 0.881
45 53 0.550
45 54 0.439
45 55 0.445
45 56 0.905
45 57 0.815
45 58 0.669
45 59 0.106
45 60 0.631
45 61 0.600
45 62 0.048
45 63 0.003
45 64 0.776
45 65 0.437
45 66 0.336
45 67 0.073
45 68 0.615
45 69 0.522
45 70 0.315
45 71 0.774
45 72 0.740
45 73 0.523
45 74 0.651
45 75 0.352
45 76 0.993
45 77 0.057
45 78 0.787
45 79 0.452
45 80 0.647
45 81 0.051
45 82 0.695
45 83 0.038
45 84 0.442
45 85 0.716
45 86 0.835
45 87 0.100
45 88 0.559
45 89 0.343
45 90 0.174
45 91 0.095
45 92 0.137
45 93 0.649
45 94 0.596
45 95 0.621
45 96 0.416
45 97 0.877
45 98 0.555
45 99 0.261
45 100 0.107
46 47 0.391
46 48 0.307
46 49 0.094
46 50 0.081
46 51 0.964
46 52 0.578
46 53 0.823
46 54 0.966
46 55 0.486
46 56 0.996
46 57 0.993
46 58 0.758
46 59 0.314
46 60 0.142
46 61 0.274
46 62 0.019
46 63 0.979
46 64 0.561
46 65 0.271
46 66 0.783
46 67 0.465
46 68 0.569
46 69 0.834
46 70 0.737
46 71 0.788
46 72 0.218
46 73 0.330
46 74 0.793
46 75 0.090
46 76 0.237
46 77 0.858
46 78 0.622
46 79 0.954
46 80 0.323
46 81 0.860
46 82 0.271
46 83 0.187
46 84 0.595
46 85 0.111
46 86 0.429
46 87 0.757
46 88 0.577
46 89 0.550
46 90 0.459
46 91 0.131
46 92 0.547
46 93 0.919
46 94 0.775
46 95 0.713
46 96 0.591
46 97 0.683
46 98 0.658
46 99 0.612
46 100 0.216
47 48 0.198
47 49 0.119
47 50 0.449
47 51 0.847
47 52 0.598
47 53 0.888
47 54 0.440
47 55 0.080
47 56 0.358
47 57 0.120
47 58 0.446
47 59 0.010
47 60 0.029
47 61 0.937
47 62 0.234
47 63 0.484
47 64 0.076
47 65 0.363
47 66 0.658
47 67 0.636
47 68 0.324
47 69 0.778
47 70 0.973
47 71 0.525
47 72 0.952
47 73 0.466
47 74 0.012
47 75 0.243
47 76 0.529
47 77 0.359
47 78 0.437
47 79 0.317
47 80 0.035
47 81 0.563
47 82 0.780
47 83 0.761
47 84 0.358
47 85 0.773
47 86 0.510
47 87 0.623
47 88 0.224
47 89 0.155
47 90 0.818
47 91 0.355
47 92 0.030
47 93 0.802
47 94 0.367
47 95 0.871
47 96 0.549
47 97 0.346
47 98 0.697
47 99 0.624
47 100 0.984
48 49 0.834
48 50 0.532
48 51 0.540
48 52 0.320
48 53 0.444
48 54 0.689
48 55 0.177
48 56 0.470
48 57 0.154
48 58 0.810
48 59 0.920
48 60 0.156
48 61 0.941
48 62 0.646
48 63 0.583
48 64 0.015
48 65 0.615
48 66 0.098
48 67 0.249
48 68 0.886
48 69 0.874
48 70 0.744
48 71 0.691
48 72 0.758
48 73 0.681
48 74 0.066
48 75 0.226
48 76 0.328
48 77 0.549
48 78 0.100
48 79 0.333
48 80 0.669
48 81 0.840
48 82 0.718
48 83 0.897
48 84 0.940
48 85 0.651
48 86 0.273
48 87 0.398
48 88 0.639
48 89 0.405
48 90 0.822
48 91 0.917
48 92 0.347
48 93 0.722
48 94 0.635
48 95 0.278
48 96 0.442
48 97 0.675
48 98 0.225
48 99 0.186
48 100 0.746
49 50 0.018
49 51 0.612
49 52 0.696
49 53 0.578
49 54 0.481
49 55 0.031
49 56 0.861
49 57 0.181
49 58 0.736
49 59 0.812
49 60 0.903
49 61 0.986
49 62 0.105
49 63 0.659
49 64 0.744
49 65 0.694
49 66 0.627
49 67 0.016
49 68 0.254
49 69 0.633
49 70 0.569
49 71 0.781
49 72 0.042
49 73 0.358
49 74 0.967
49 75 0.050
49 76 0.155
49 77 0.980
49 78 0.307
49 79 0.129
49 80 0.504
49 81 0.171
49 82 0.920
49 83 0.533
49 84 0.389
49 85 0.325
49 86 0.207
49 87 0.178
49 88 0.934
49 89 0.843
49 90 0.265
49 91 0.498
49 92 0.813
49 93 0.011
49 94 0.028
49 95 0.702
49 96 0.075
49 97 0.438
49 98 0.502
49 99 0.885
49 100 0.437
50 51 0.520
50 52 0.194
50 53 0.214
50 54 0.875
50 55 0.910
50 56 0.331
50 57 0.914
50 58 0.867
50 59 0.440
50 60 0.959
50 61 0.267
50 62 0.120
50 63 0.501
50 64 0.511
50 65 0.335
50 66 0.134
50 67 0.301
50 68 0.955
50 69 0.645
50 70 0.445
50 71 0.019
50 72 0.089
50 73 0.539
50 74 0.889
50 75 0.288
50 76 0.106
50 77 0.415
50 78 0.727
50 79 0.992
50 80 0.002
50 81 0.567
50 82 0.984
50 83 0.839
50 84 0.923
50 85 0.866
50 86 0.839
50 87 0.691
50 88 0.062
50 89 0.971
50 90 0.412
50 91 0.101
50 92 0.172
50 93 0.314
50 94 0.790
50 95 0.040
50 96 0.312
50 97 0.562
50 98 0.639
50 99 0.276
50 100 0.914
51 52 0.786
51 53 0.240
51 54 0.383
51 55 0.752
51 56 0.038
51 57 0.300
51 58 0.832
51 59 0.926
51 60 0.581
51 61 0.379
51 62 0.147
51 63 0.445
51 64 0.470
51 65 0.273
51 66 0.594
51 67 0.495
51 68 0.702
51 69 0.198
51 70 0.361
51 71 0.004
51 72 0.679
51 73 0.129
51 74 0.711
51 75 0.582
51 76 0.163
51 77 0.118
51 78 0.064
51 79 0.439
51 80 0.483
51 81 0.956
51 82 0.492
51 83 0.369
51 84 0.176
51 85 0.005
51 86 0.578
51 87 0.394
51 88 0.813
51 89 0.557
51 90 0.124
51 91 0.172
51 92 0.205
51 93 0.557
51 94 0.663
51 95 0.746
51 96 0.716
51 97 0.028
51 98 0.260
51 99 0.740
51 100 0.906
52 53 0.065
52 54 0.546
52 55 0.592
52 56 0.219
52 57 0.703
52 58 0.485
52 59 0.919
52 60 0.930
52 61 0.549
52 62 0.817
52 63 0.602
52 64 0.079
52 65 0.479
52 66 0.656
52 67 0.697
52 68 0.607
52 69 0.273
52 70 0.214
52 71 0.748
52 72 0.405
52 73 0.518
52 74 0.115
52 75 0.618
52 76 0.509
52 77 0.627
52 78 0.269
52 79 0.410
52 80 0.151
52 81 0.317
52 82 0.780
52 83 0.582
52 84 0.880
52 85 0.391
52 86 0.841
52 87 0.857
52 88 0.489
52 89 0.162
52 90 0.110
52 91 0.005
52 92 0.944
52 93 0.374
52 94 0.512
52 95 0.105
52 96 0.055
52 97 0.949
52 98 0.947
52 99 0.369
52 100 0.091
53 54 0.420
53 55 0.871
53 56 0.141
53 57 0.070
53 58 0.382
53 59 0.224
53 60 0.136
53 61 0.934
53 62 0.802
53 63 0.661
53 64 0.537
53 65 0.336
53 66 0.551
53 67 0.565
53 68 0.039
53 69 0.244
53 70 0.976
53 71 0.810
53 72 0.422
53 73 0.105
53 74 0.879
53 75 0.739
53 76 0.758
53 77 0.757
53 78 0.725
53 79 0.330
53 80 0.843
53 81 0.832
53 82 0.447
53 83 0.009
53 84 0.952
53 85 0.858
53 86 0.666
53 87 0.098
53 88 0.495
53 89 0.785
53 90 0.692
53 91 0.341
53 92 0.688
53 93 0.140
53 94 0.136
53 95 0.505
53 96 0.822
53 97 0.552
53 98 0.483
53 99 0.497
53 100 0.225
54 55 0.839
54 56 0.460
54 57 0.986
54 58 0.505
54 59 0.405
54 60 0.568
54 61 0.996
54 62 0.186
54 63 0.138
54 64 0.581
54 65 0.421
54 66 0.310
54 67 0.549
54 68 0.400
54 69 0.960
54 70 0.104
54 71 0.357
54 72 0.073
54 73 0.412
54 74 0.322
54 75 0.245
54 76 0.337
54 77 0.823
54 78 0.332
54 79 0.006
54 80 0.530
54 81 0.436
54 82 0.553
54 83 0.799
54 84 0.212
54 85 0.924
54 86 0.343
54 87 0.722
54 88 0.329
54 89 0.872
54 90 0.917
54 91 0.441
54 92 0.288
54 93 0.971
54 94 0.396
54 95 0.075
54 96 0.761
54 97 0.905
54 98 0.588
54 99 0.068
54 100 0.579
55 56 0.382
55 57 0.577
55 58 0.256
55 59 0.548
55 60 0.299
55 61 0.732
55 62 0.863
55 63 0.547
55 64 0.495
55 65 0.219
55 66 0.629
55 67 0.727
55 68 0.056
55 69 0.611
55 70 0.795
55 71 0.181
55 72 0.666
55 73 0.695
55 74 0.170
55 75 0.911
55 76 0.937
55 77 0.063
55 78 0.987
55 79 0.444
55 80 0.226
55 81 0.585
55 82 0.775
55 83 0.932
55 84 0.868
55 85 0.357
55 86 0.964
55 87 0.097
55 88 0.327
55 89 0.218
55 90 0.440
55 91 0.843
55 92 0.215
55 93 0.427
55 94 0.773
55 95 0.897
55 96 0.652
55 97 0.595
55 98 0.325
55 99 0.311
55 100 0.939
56 57 0.472
56 58 0.978
56 59 0.175
56 60 0.008
56 61 0.673
56 62 0.680
56 63 0.380
56 64 0.621
56 65 0.942
56 66 0.536
56 67 0.781
56 68 0.789
56 69 0.044
56 70 0.663
56 71 0.601
56 72 0.367
56 73 0.889
56 74 0.535
56 75 0.412
56 76 0.317
56 77 0.968
56 78 0.017
56 79 0.551
56 80 0.582
56 81 0.701
56 82 0.825
56 83 0.306
56 84 0.057
56 85 0.797
56 86 0.629
56 87 0.715
56 88 0.624
56 89 0.204
56 90 0.504
56 91 0.324
56 92 0.706
56 93 0.765
56 94 0.966
56 95 0.750
56 96 0.332
56 97 0.146
56 98 0.297
56 99 0.391
56 100 0.157
57 58 0.159
57 59 0.384
57 60 0.121
57 61 0.428
57 62 0.050
57 63 0.797
57 64 0.326
57 65 0.342
57 66 0.859
57 67 0.308
57 68 0.111
57 69 0.793
57 70 0.445
57 71 0.590
57 72 0.037
57 73 0.943
57 74 0.258
57 75 0.294
57 76 0.213
57 77 0.621
57 78 0.471
57 79 0.247
57 80 0.102
57 81 0.985
57 82 0.551
57 83 0.962
57 84 0.883
57 85 0.446
57 86 0.863
57 87 0.200
57 88 0.707
57 89 0.299
57 90 0.410
57 91 0.801
57 92 0.688
57 93 0.043
57 94 0.299
57 95 0.483
57 96 0.983
57 97 0.861
57 98 0.021
57 99 0.858
57 100 0.806
58 59 0.209
58 60 0.141
58 61 0.356
58 62 0.696
58 63 0.011
58 64 0.504
58 65 0.295
58 66 0.921
58 67 0.408
58 68 0.529
58 69 0.802
58 70 0.324
58 71 0.538
58 72 0.706
58 73 0.819
58 74 0.483
58 75 0.309
58 76 0.870
58 77 0.894
58 78 0.508
58 79 0.648
58 80 0.369
58 81 0.995
58 82 0.341
58 83 0.177
58 84 0.691
58 85 0.046
58 86 0.874
58 87 0.801
58 88 0.673
58 89 0.427
58 90 0.760
58 91 0.160
58 92 0.866
58 93 0.132
58 94 0.233
58 95 0.430
58 96 0.155
58 97 0.820
58 98 0.803
58 99 0.434
58 100 0.228
59 60 0.479
59 61 0.154
59 62 0.526
59 63 0.998
59 64 0.908
59 65 0.096
59 66 0.235
59 67 0.544
59 68 0.745
59 69 0.916
59 70 0.108
59 71 0.703
59 72 0.267
59 73 0.965
59 74 0.760
59 75 0.872
59 76 0.658
59 77 0.831
59 78 0.558
59 79 0.132
59 80 0.996
59 81 0.943
59 82 0.944
59 83 0.292
59 84 0.643
59 85 0.940
59 86 0.838
59 87 0.924
59 88 0.281
59 89 0.663
59 90 0.112
59 91 0.013
59 92 0.311
59 93 0.094
59 94 0.581
59 95 0.289
59 96 0.819
59 97 0.115
59 98 0.507
59 99 0.850
59 100 0.839
60 61 0.396
60 62 0.054
60 63 0.173
60 64 0.136
60 65 0.286
60 66 0.692
60 67 0.083
60 68 0.210
60 69 0.029
60 70 0.998
60 71 0.807
60 72 0.764
60 73 0.168
60 74 0.829
60 75 0.682
60 76 0.334
60 77 0.457
60 78 0.344
60 79 0.620
60 80 0.305
60 81 0.150
60 82 0.828
60 83 0.921
60 84 0.047
60 85 0.994
60 86 0.802
60 87 0.535
60 88 0.360
60 89 0.774
60 90 0.377
60 91 0.351
60 92 0.981
60 93 0.757
60 94 0.326
60 95 0.632
60 96 0.340
60 97 0.875
60 98 0.843
60 99 0.158
60 100 0.310
61 62 0.991
61 63 0.454
61 64 0.199
61 65 0.149
61 66 0.093
61 67 0.051
61 68 0.895
61 69 0.369
61 70 0.764
61 71 0.522
61 72 0.143
61 73 0.741
61 74 0.758
61 75 0.935
61 76 0.585
61 77 0.155
61 78 0.045
61 79 0.756
61 80 0.785
61 81 0.559
61 82 0.152
61 83 0.065
61 84 0.202
61 85 0.694
61 86 0.153
61 87 0.234
61 88 0.030
61 89 0.837
61 90 0.148
61 91 0.049
61 92 0.528
61 93 0.286
61 94 0.578
61 95 0.728
61 96 0.906
61 97 0.786
61 98 0.218
61 99 0.815
61 100 0.382
62 63 0.632
62 64 0.185
62 65 0.418
62 66 0.488
62 67 0.655
62 68 0.823
62 69 0.755
62 70 0.228
62 71 0.823
62 72 0.784
62 73 0.481
62 74 0.184
62 75 0.661
62 76 0.172
62 77 0.760
62 78 0.150
62 79 0.219
62 80 0.080
62 81 0.558
62 82 0.407
62 83 0.801
62 84 0.363
62 85 0.118
62 86 0.213
62 87 0.185
62 88 0.000
62 89 0.092
62 90 0.618
62 91 0.532
62 92 0.887
62 93 0.294
62 94 0.190
62 95 0.722
62 96 0.391
62 97 0.544
62 98 0.743
62 99 0.331
62 100 0.525
63 64 0.579
63 65 0.671
63 66 0.957
63 67 0.089
63 68 0.482
63 69 0.967
63 70 0.131
63 71 0.601
63 72 0.621
63 73 0.539
63 74 0.517
63 75 0.379
63 76 0.545
63 77 0.899
63 78 0.627
63 79 0.621
63 80 0.824
63 81 0.829
63 82 0.772
63 83 0.808
63 84 0.286
63 85 0.118
63 86 0.459
63 87 0.290
63 88 0.630
63 89 0.957
63 90 0.961
63 91 0.392
63 92 0.884
63 93 0.092
63 94 0.273
63 95 0.889
63 96 0.666
63 97 0.326
63 98 0.182
63 99 0.186
63 100 0.734
64 65 0.466
64 66 0.653
64 67 0.047
64 68 0.773
64 69 0.305
64 70 0.268
64 71 0.234
64 72 0.912
64 73 0.735
64 74 0.928
64 75 0.870
64 76 0.912
64 77 0.587
64 78 0.532
64 79 0.897
64 80 0.519
64 81 0.285
64 82 0.862
64 83 0.457
64 84 0.936
64 85 0.917
64 86 0.386
64 87 0.546
64 88 0.888
64 89 0.809
64 90 0.204
64 91 0.783
64 92 0.245
64 93 0.200
64 94 0.840
64 95 0.639
64 96 0.679
64 97 0.105
64 98 0.127
64 99 0.966
64 100 0.314
65 66 0.978
65 67 0.870
65 68 0.174
65 69 0.845
65 70 0.239
65 71 0.536
65 72 0.899
65 73 0.094
65 74 0.289
65 75 0.667
65 76 0.506
65 77 0.468
65 78 0.089
65 79 0.251
65 80 0.264
65 81 0.290
65 82 0.897
65 83 0.757
65 84 0.552
65 85 0.475
65 86 0.266
65 87 0.064
65 88 0.918
65 89 0.512
65 90 0.893
65 91 0.995
65 92 0.362
65 93 0.230
65 94 0.403
65 95 0.676
65 96 0.655
65 97 0.306
65 98 0.682
65 99 0.440
65 100 0.070
66 67 0.997
66 68 0.827
66 69 0.501
66 70 0.342
66 71 0.051
66 72 0.334
66 73 0.099
66 74 0.218
66 75 0.279
66 76 0.596
66 77 0.356
66 78 0.432
66 79 0.741
66 80 0.316
66 81 0.548
66 82 0.454
66 83 0.034
66 84 0.925
66 85 0.014
66 86 0.850
66 87 0.634
66 88 0.599
66 89 0.427
66 90 0.607
66 91 0.767
66 92 0.972
66 93 0.638
66 94 0.255
66 95 0.783
66 96 0.134
66 97 0.814
66 98 0.138
66 99 0.491
66 100 0.009
67 68 0.093
67 69 0.675
67 70 0.434
67 71 0.711
67 72 0.469
67 73 0.959
67 74 0.567
67 75 0.965
67 76 0.128
67 77 0.523
67 78 0.306
67 79 0.191
67 80 0.955
67 81 0.639
67 82 0.423
67 83 0.344
67 84 0.432
67 85 0.978
67 86 0.745
67 87 0.106
67 88 0.636
67 89 0.974
67 90 0.140
67 91 0.517
67 92 0.572
67 93 0.751
67 94 0.746
67 95 0.645
67 96 0.546
67 97 0.936
67 98 0.918
67 99 0.390
67 100 0.799
68 69 0.221
68 70 0.861
68 71 0.007
68 72 0.135
68 73 1.000
68 74 0.416
68 75 0.449
68 76 0.732
68 77 0.944
68 78 0.972
68 79 0.129
68 80 0.892
68 81 0.839
68 82 0.967
68 83 0.175
68 84 0.916
68 85 0.544
68 86 0.948
68 87 0.796
68 88 0.841
68 89 0.405
68 90 0.667
68 91 0.838
68 92 0.256
68 93 0.972
68 94 0.166
68 95 0.122
68 96 0.909
68 97 0.369
68 98 0.340
68 99 0.668
68 100 0.327
69 70 0.142
69 71 0.920
69 72 0.398
69 73 0.175
69 74 0.954
69 75 0.379
69 76 0.393
69 77 0.556
69 78 0.946
69 79 0.694
69 80 0.331
69 81 0.991
69 82 0.129
69 83 0.461
69 84 0.161
69 85 0.281
69 86 0.636
69 87 0.315
69 88 0.644
69 89 0.978
69 90 0.185
69 91 0.134
69 92 0.829
69 93 0.685
69 94 0.591
69 95 0.982
69 96 0.061
69 97 0.895
69 98 0.683
69 99 0.284
69 100 0.635
70 71 0.602
70 72 0.450
70 73 0.168
70 74 0.657
70 75 0.386
70 76 0.780
70 77 0.477
70 78 0.239
70 79 0.206
70 80 0.623
70 81 0.394
70 82 0.593
70 83 0.605
70 84 0.927
70 85 0.168
70 86 0.142
70 87 0.564
70 88 0.184
70 89 0.887
70 90 0.220
70 91 0.704
70 92 0.944
70 93 0.797
70 94 0.476
70 95 0.073
70 96 0.124
70 97 0.103
70 98 0.557
70 99 0.215
70 100 0.468
71 72 0.749
71 73 0.176
71 74 0.768
71 75 0.994
71 76 0.129
71 77 0.151
71 78 0.284
71 79 0.779
71 80 0.199
71 81 0.520
71 82 0.504
71 83 0.915
71 84 0.966
71 85 0.306
71 86 0.801
71 87 0.996
71 88 0.820
71 89 0.050
71 90 0.016
71 91 0.962
71 92 0.674
71 93 0.685
71 94 0.394
71 95 0.656
71 96 0.380
71 97 0.860
71 98 0.854
71 99 0.931
71 100 0.404
72 73 0.295
72 74 0.298
72 75 0.659
72 76 0.202
72 77 0.270
72 78 0.188
72 79 0.472
72 80 0.298
72 81 0.839
72 82 0.102
72 83 0.595
72 84 0.505
72 85 0.864
72 86 0.494
72 87 0.601
72 88 0.270
72 89 0.451
72 90 0.371
72 91 0.442
72 92 0.620
72 93 0.910
72 94 0.112
72 95 0.588
72 96 0.653
72 97 0.797
72 98 0.141
72 99 0.637
72 100 0.078
73 74 0.156
73 75 0.680
73 76 0.217
73 77 0.731
73 78 0.555
73 79 0.293
73 80 0.534
73 81 0.577
73 82 0.990
73 83 0.444
73 84 0.424
73 85 0.138
73 86 0.275
73 87 0.793
73 88 0.219
73 89 0.822
73 90 0.991
73 91 0.437
73 92 0.310
73 93 0.137
73 94 0.607
73 95 0.820
73 96 0.714
73 97 0.235
73 98 0.844
73 99 0.541
73 100 0.524
74 75 0.773
74 76 0.905
74 77 0.758
74 78 0.550
74 79 0.551
74 80 0.632
74 81 0.423
74 82 0.028
74 83 0.899
74 84 0.211
74 85 0.066
74 86 0.715
74 87 0.279
74 88 0.503
74 89 0.337
74 90 0.232
74 91 0.078
74 92 0.605
74 93 0.030
74 94 0.983
74 95 0.046
74 96 0.719
74 97 0.813
74 98 0.509
74 99 0.364
74 100 0.943
75 76 0.376
75 77 0.607
75 78 0.804
75 79 0.065
75 80 0.215
75 81 0.074
75 82 0.947
75 83 0.955
75 84 0.774
75 85 0.397
75 86 0.930
75 87 0.650
75 88 0.171
75 89 0.256
75 90 0.690
75 91 0.730
75 92 0.203
75 93 0.168
75 94 0.181
75 95 0.070
75 96 0.885
75 97 0.125
75 98 0.521
75 99 0.571
75 100 0.201
76 77 0.564
76 78 0.542
76 79 0.954
76 80 0.322
76 81 0.512
76 82 0.719
76 83 0.224
76 84 0.984
76 85 0.258
76 86 0.936
76 87 0.879
76 88 0.260
76 89 0.389
76 90 0.062
76 91 0.483
76 92 0.441
76 93 0.528
76 94 0.814
76 95 0.666
76 96 0.232
76 97 0.636
76 98 0.856
76 99 0.174
76 100 0.010
77 78 0.201
77 79 0.624
77 80 0.045
77 81 0.328
77 82 0.173
77 83 0.834
77 84 0.507
77 85 0.418
77 86 0.981
77 87 0.144
77 88 0.701
77 89 0.881
77 90 0.476
77 91 0.939
77 92 0.808
77 93 0.306
77 94 0.149
77 95 0.705
77 96 0.689
77 97 0.026
77 98 0.461
77 99 0.971
77 100 0.622
78 79 0.726
78 80 0.635
78 81 0.272
78 82 0.230
78 83 0.135
78 84 0.747
78 85 0.117
78 86 0.198
78 87 0.507
78 88 0.467
78 89 0.418
78 90 0.876
78 91 0.121
78 92 0.291
78 93 0.355
78 94 0.342
78 95 0.506
78 96 0.599
78 97 0.155
78 98 0.055
78 99 0.626
78 100 0.402
79 80 0.727
79 81 0.647
79 82 0.727
79 83 0.104
79 84 0.656
79 85 0.988
79 86 0.078
79 87 0.127
79 88 0.494
79 89 0.096
79 90 0.317
79 91 0.753
79 92 0.841
79 93 0.984
79 94 0.625
79 95 0.011
79 96 0.164
79 97 0.051
79 98 0.439
79 99 0.965
79 100 0.842
80 81 0.104
80 82 0.940
80 83 0.237
80 84 0.392
80 85 0.599
80 86 0.014
80 87 0.125
80 88 0.345
80 89 0.206
80 90 0.913
80 91 0.134
80 92 0.759
80 93 0.286
80 94 0.347
80 95 0.291
80 96 0.803
80 97 0.367
80 98 0.201
80 99 0.067
80 100 0.424
81 82 0.226
81 83 0.620
81 84 0.263
81 85 0.526
81 86 0.667
81 87 0.665
81 88 0.696
81 89 0.653
81 90 0.575
81 91 0.265
81 92 0.033
81 93 0.645
81 94 0.365
81 95 0.680
81 96 0.615
81 97 0.217
81 98 0.392
81 99 0.206
81 100 0.612
82 83 0.955
82 84 0.440
82 85 0.317
82 86 0.361
82 87 0.675
82 88 0.866
82 89 0.986
82 90 0.224
82 91 0.628
82 92 0.506
82 93 0.399
82 94 0.806
82 95 0.520
82 96 0.923
82 97 0.760
82 98 0.887
82 99 0.801
82 100 0.108
83 84 0.441
83 85 0.911
83 86 0.212
83 87 0.206
83 88 0.165
83 89 0.357
83 90 0.042
83 91 0.388
83 92 0.454
83 93 0.869
83 94 0.077
83 95 0.432
83 96 0.067
83 97 0.453
83 98 0.694
83 99 0.132
83 100 0.628
84 85 0.615
84 86 0.087
84 87 0.119
84 88 0.184
84 89 0.759
84 90 0.082
84 91 0.182
84 92 0.894
84 93 0.711
84 94 0.509
84 95 0.694
84 96 0.580
84 97 0.693
84 98 0.609
84 99 0.232
84 100 0.354
85 86 0.609
85 87 0.435
85 88 0.975
85 89 0.036
85 90 0.965
85 91 0.720
85 92 0.997
85 93 0.593
85 94 0.290
85 95 0.183
85 96 0.022
85 97 0.299
85 98 0.389
85 99 0.738
85 100 0.755
86 87 0.860
86 88 0.270
86 89 0.575
86 90 0.372
86 91 0.197
86 92 0.095
86 93 0.584
86 94 0.265
86 95 0.127
86 96 0.993
86 97 0.090
86 98 0.640
86 99 0.642
86 100 0.092
87 88 0.363
87 89 0.058
87 90 0.024
87 91 0.589
87 92 0.888
87 93 0.505
87 94 0.497
87 95 0.227
87 96 0.832
87 97 0.108
87 98 0.647
87 99 0.011
87 100 0.717
88 89 0.060
88 90 0.324
88 91 0.502
88 92 0.735
88 93 0.875
88 94 0.241
88 95 0.548
88 96 0.688
88 97 0.546
88 98 0.002
88 99 0.776
88 100 0.023
89 90 0.719
89 91 0.758
89 92 0.710
89 93 0.927
89 94 0.455
89 95 0.228
89 96 0.839
89 97 0.944
89 98 0.697
89 99 0.292
89 100 0.492
90 91 0.102
90 92 0.014
90 93 0.883
90 94 0.861
90 95 0.000
90 96 0.732
90 97 0.387
90 98 0.010
90 99 0.829
90 100 0.036
91 92 0.282
91 93 0.219
91 94 0.798
91 95 0.148
91 96 0.222
91 97 0.510
91 98 0.942
91 99 0.155
91 100 0.294
92 93 0.690
92 94 0.757
92 95 0.600
92 96 0.666
92 97 0.759
92 98 0.655
92 99 0.427
92 100 0.336
93 94 0.031
93 95 0.699
93 96 0.356
93 97 0.215
93 98 0.803
93 99 0.581
93 100 0.313
94 95 0.248
94 96 0.925
94 97 0.317
94 98 0.972
94 99 0.800
94 100 0.107
95 96 0.637
95 97 0.036
95 98 0.033
95 99 0.309
95 100 0.513
96 97 0.330
96 98 0.470
96 99 0.064
96 100 0.825
97 98 0.307
97 99 0.487
97 100 0.067
98 99 0.610
98 100 0.061
99 100 0.948
5 8
1 2 0.1
1 3 0.1
1 4 0.1
2 3 0.1
2 4 0.8
3 4 0.2
3 5 0.7
4 5 0.8
3 3
1 2 0.2
1 3 1.0
2 3 0.2
0 0
