84 87
47 72 89 96 97 97 98 99 99 100 100 100 100 100 100 100 100 100 100 100 100 100 100 100 100 100 100 100 100 100 100 100 100 100 100 100 100 100 100 100 100 100 100 100 100 100 100 100 100 100 100 100 100 100 100 100 100 100 100 100 100 100 100 100 100 100 100 100 100 100 100 100 100 100 100 100 100 100 100 100 100 100 100 100
82 84
24 51
44 57
61 81
1 8
65 71
7 13
36 61
71 81
71 72
34 66
63 70
1 77
9 42
45 51
14 23
42 82
72 84
46 52
26 61
12 79
48 82
20 72
53 62
34 64
78 79
72 81
69 77
4 33
54 59
12 39
25 53
60 75
10 31
12 51
62 68
76 80
36 40
65 69
57 70
39 58
77 79
17 65
11 18
9 44
64 81
2 31
29 45
12 59
77 80
24 49
2 66
80 84
26 64
38 69
69 84
4 37
58 69
77 80
80 83
3 31
17 25
59 73
61 70
34 81
49 69
64 70
72 81
84 84
30 54
7 48
24 29
71 82
27 59
21 74
16 73
77 81
24 51
73 84
76 80
9 73
35 46
47 70
2 7
31 47
78 79
81 81
0
43 67

