54976
69538
78672
78173
44443
76847
70934
86542
34962
74084
118988
62659
46200
89735
62537
28841
45321
67845
67995
63664
41008
78010
42318
37918
67324
63202
48519
42541
101693
72236
72527
106031
49329
80454
48410
52389
66359
64027
91594
101825
88773
74812
20132
80229
89077
55432
57383
38405
68885
41444
57652
8709
65758
58887
47204
10766
88568
45464
22229
93487
83258
60763
96320
77716
58004
59104
35199
80363
63300
52608
56948
38079
39439
100729
79562
86457
20558
58059
12705
35381
46954
43289
77771
37950
41990
61240
81301
67851
62094
45054
46831
61820
91197
50623
16710
69688
78442
75411
80787
23129
79773
62065
61739
43442
78118
74349
30924
43043
78777
21430
69306
70620
80040
97350
46888
20835
76076
61132
89428
16096
72795
51425
69934
62979
101914
83580
83247
67315
