INFINITY
INFINITY
INFINITY
69.5270
41.7253
38.6005
256.3299
89.0505
228.0351
34.1760
35.1141
109.9864
2063.2511
36.2215
164.5600
36.6742
93.7763
88.1419
61.2209
82.8553
182.2745
5.8310
89.2020
72.4500
99.0202
74.3303
123.1300
41.0122
18.6011
107.5407
55.1543
187.8643
33.0606
491.0652
25.2389
58.5235
62.0081
52.4976
272.7196
246.8623
42.4500
2.8284
70.2353
14.4222
110.5351
37.1080
557.3240
67.1193
307.4020
56.8507
18.0278
140.4066
327.2629
28.4605
79.6241
305.6010
14.8661
67.7200
71.1758
30.2655
29.6985
5.3852
62.0967
30.4138
120.1666
241.3379
106.3673
49.1935
46.0109
66.8506
23.3238
49.6588
29.9666
116.1077
34.1321
369.7093
9396.1358
35.2278
84.7231
18.4391
10.7703
107.0794
2977.2163
5.6569
314.9730
78.8480
48.2597
10.1980
79.3095
34.2345
17.2047
153.4829
11.0454
207.2511
22.8473
23.7065
17.0000
17.0000
149.9066
29.4279
