0.000

4.000

9.414

16.000

25.414

36.000

49.414

64.000

81.414

100.000

121.414

144.000

169.414

196.000

225.414

256.000

289.414

324.000

361.414

400.000

441.414

484.000

529.414

576.000

625.414

676.000

729.414

784.000

841.414

900.000

961.414

1024.000

1089.414

1156.000

1225.414

1296.000

1369.414

1444.000

1521.414

1600.000

1681.414

1764.000

1849.414

1936.000

2025.414

2116.000

2209.414

2304.000

2401.414

2500.000

2601.414

2704.000

2809.414

2916.000

3025.414

3136.000

3249.414

3364.000

3481.414

3600.000

3721.414

3844.000

3969.414

4096.000

4225.414

4356.000

4489.414

4624.000

4761.414

4900.000

5041.414

5184.000

5329.414

5476.000

5625.414

5776.000

5929.414

6084.000

6241.414

6400.000

6561.414

6724.000

6889.414

7056.000

7225.414

7396.000

7569.414

7744.000

7921.414

8100.000

8281.414

8464.000

8649.414

8836.000

9025.414

9216.000

9409.414

9604.000

9801.414

10000.000

10201.414

10404.000

10609.414

10816.000

11025.414

11236.000

11449.414

11664.000

11881.414

12100.000

12321.414

12544.000

12769.414

12996.000

13225.414

13456.000

13689.414

13924.000

14161.414

14400.000

14641.414

14884.000

15129.414

15376.000

15625.414

15876.000

16129.414

16384.000

16641.414

16900.000

17161.414

17424.000

17689.414

17956.000

18225.414

18496.000

18769.414

19044.000

19321.414

19600.000

19881.414

20164.000

20449.414

20736.000

21025.414

21316.000

21609.414

21904.000

22201.414

22500.000

22801.414

23104.000

23409.414

23716.000

24025.414

24336.000

24649.414

24964.000

25281.414

25600.000

25921.414

26244.000

26569.414

26896.000

27225.414

27556.000

27889.414

28224.000

28561.414

28900.000

29241.414

29584.000

29929.414

30276.000

30625.414

30976.000

31329.414

31684.000

32041.414

32400.000

32761.414

33124.000

33489.414

33856.000

34225.414

34596.000

34969.414

35344.000

35721.414

36100.000

36481.414

36864.000

37249.414

37636.000

38025.414

38416.000

38809.414

39204.000

39601.414

40000.000

40401.414

40804.000

41209.414

41616.000

42025.414

42436.000

42849.414

43264.000

43681.414

44100.000

44521.414

44944.000

45369.414

45796.000

46225.414

46656.000

47089.414

47524.000

47961.414

48400.000

48841.414

49284.000

49729.414

50176.000

50625.414

51076.000

51529.414

51984.000

52441.414

52900.000

53361.414

53824.000

54289.414

54756.000

55225.414

55696.000

56169.414

56644.000

57121.414

57600.000

58081.414

58564.000

59049.414

59536.000

60025.414

60516.000

61009.414

61504.000

62001.414

62500.000

63001.414

63504.000

64009.414

64516.000

65025.414

65536.000

66049.414

66564.000

67081.414

67600.000

68121.414

68644.000

69169.414

69696.000

70225.414

70756.000

71289.414

71824.000

72361.414

72900.000

73441.414

73984.000

74529.414

75076.000

75625.414

76176.000

76729.414

77284.000

77841.414

78400.000

78961.414

79524.000

80089.414

80656.000

81225.414

81796.000

82369.414

82944.000

83521.414

84100.000

84681.414

85264.000

85849.414

86436.000

87025.414

87616.000

88209.414

88804.000

89401.414

90000.000

