3 10
111111100101101111111
100000101101001000001
101110101100101011101
101110100101001011101
101110101000101011101
100000101001101000001
111111101010101111111
000000001111100000000
110100110110001110110
111101000100000110110
111110111110101101101
001110001011001101001
000111110010110100100
000000001001000100000
111111101110011110110
100000100011110001000
101110100101011100010
101110101111000010011
101110100100100110101
100000101010011100000
111111101101100010010

111111100101101111111
100000101101001000001
101110101100101011101
101110100101001011101
101110101000101011101
100000101001101000001
111111101010101111111
000000001111100000000
110100110110001110110
111101000100000110110
111110111110101101101
001110001011001101001
000111110010110100100
000000001001000100000
111111101110011110110
100000100011110001000
101110100101011100010
101110101111000010011
101110100100100110101
100000101010011100000
111111101101100010010

111111100101101111111
100000101101001000001
101110101100101011101
101110100101001011101
101110101000101011101
100000101001101000001
111111101010101111111
000000001111100000000
110100110110001110110
111101000100000110110
111110111110101101101
001110001011001101001
000111110010110100100
000000001001000100000
111111101110011110110
100000100011110001000
101110100101011100010
101110101111000010011
101110100100100110101
100000101010011100000
111111101101100010010
