5
3.000 2
0.000
6.000
2.000 4
0.000
4.000
4.000
8.000
50.000 10
0.000
250.000
275.000
370.000
490.000
510.000
750.000
760.000
5000.000
7000.000
3.123
70
0.000
0.656
0.713
2.481
2.522
3.235
3.897
4.017
5.511
5.873
6.078
6.996
7.162
9.486
9.766
10.183
10.975
11.273
11.585
11.665
11.952
12.007
12.405
13.484
13.555
13.614
14.201
14.632
14.680
15.325
70.392
70.902
73.707
76.203
83.259
83.311
88.744
89.766
99.187
106.239
111.855
120.060
142.758
144.772
152.932
160.874
163.471
165.007
171.614
175.724
327.970
336.658
343.680
365.075
374.858
383.040
419.699
453.159
481.542
500.488
508.646
516.288
535.983
558.754
562.959
574.025
590.812
628.304
634.962
674.497
1000000.000
200
0.000
2410.044
2790.043
7746.569
10609.868
14484.430
16611.222
21634.593
22476.129
22606.425
23902.462
29813.971
39242.574
40911.245
46454.218
47344.180
56627.021
57722.765
57757.334
57880.665
59565.697
59730.194
63699.916
68305.072
82433.953
83008.704
88501.561
95371.361
99921.737
105933.428
106048.986
112412.201
117370.826
117608.659
119536.646
124493.623
125781.499
139611.242
144346.668
149442.490
151526.294
157995.563
159464.288
170312.217
175526.227
177918.217
183397.396
188687.389
192464.110
192469.519
192638.806
194312.219
196357.108
223120.368
225025.175
248220.685
249271.120
253959.186
271404.283
271868.473
272214.816
273758.795
274057.516
282083.977
282772.232
287650.960
292173.438
292682.585
294212.245
297714.197
302159.342
303327.002
313918.277
320369.896
322748.530
324338.157
329644.487
330738.218
332962.674
334492.439
337260.178
337761.876
338925.690
340657.816
340956.969
346225.109
348635.152
353332.868
356002.956
360962.083
367950.565
379664.618
382266.880
387757.880
397830.552
398551.552
405537.152
410096.929
417352.829
420731.878
427475.303
433547.571
438632.664
438826.354
443265.925
445257.927
445565.373
448915.815
450507.424
455142.144
465097.427
465499.574
471983.753
476840.706
481602.198
486428.758
487589.184
489407.963
490579.951
491101.863
494023.815
501358.173
512503.762
514433.864
515955.853
521051.905
521781.832
525665.314
528559.725
529880.536
532940.448
536245.796
537163.837
540565.807
546670.219
547935.368
548211.183
550782.782
552786.528
563540.724
568223.288
569995.031
577197.980
578740.333
586694.084
592922.574
593212.211
597962.631
601740.071
610785.276
612259.429
619825.707
621201.004
624124.454
636539.885
637278.734
637359.890
638012.523
643525.484
654160.680
671588.503
676185.868
679622.592
690825.041
702159.679
707539.219
708671.248
711195.477
732065.523
735612.173
737399.534
738446.794
744197.990
746621.966
748388.671
749686.896
750708.294
750855.072
754999.649
756469.491
757852.984
765079.430
766665.582
775576.570
776426.061
781303.561
784794.589
786626.020
811976.618
812986.391
815888.377
816519.336
817220.085
831117.121
831240.591
831406.121
831840.996
836364.500
844708.442
849851.341
