2064
2
767
1947
886
590
3645
2043
754
1489
148
331
476
250
313
78
1901
3258
44
1880
253
9
320
906
299
2492
3738
3348
376
364
28
0
1852
154
326
725
565
1889
2511
3188
376
1266
0
578
3260
1
892
0
1993
294
283
1378
1003
1020
537
332
3217
84
172
64
78
736
3776
1623
999
3028
3370
1695
3901
1656
39
2683
2057
3378
2686
1684
2586
1543
1394
188
3435
1033
758
105
754
33
5
326
1082
636
80
463
615
1473
2568
1280
1120
1773
75
1
885
139
13
1716
3304
2196
305
1170
47
485
425
0
1955
2298
155
1309
2952
471
1245
1045
209
2775
114
700
599
325
2246
3463
3034
219
3090
3226
1181
380
17
1707
1555
184
729
1993
1407
3089
2442
449
3440
600
2544
806
683
2735
96
3111
806
916
20
1779
603
2178
1047
222
1128
3
92
1179
1369
620
125
2999
94
3209
29
3181
1871
803
604
2123
714
9
191
16
11
1398
76
1008
8
1604
1858
2303
396
1962
1021
14
2945
1
678
1
1646
1151
2433
503
829
3093
1610
136
719
3121
383
1836
793
32
2782
2354
2383
790
2900
12
3522
1804
2088
2347
125
2888
0
3755
2962
350
267
1328
160
243
2468
26
1414
2498
162
316
405
491
1629
1774
423
69
60
3403
6
1
2023
1230
726
886
3205
1230
1591
2027
1074
3044
421
132
1787
452
588
3113
1917
1458
175
299
2855
1011
2697
182
3169
3099
2926
124
182
652
1792
3334
1013
1117
984
1404
2653
443
393
20
117
122
2562
1250
1678
1
105
947
2208
1098
1017
222
214
1321
675
2865
222
2
0
594
774
1
2536
2159
208
985
114
54
17
2462
2494
2094
46
178
753
51
2249
130
376
2493
3589
1355
2490
1022
226
3068
22
