100 3
1 18
14 17
16 18
19 20
15 18
12 18
3 6
14 15
14 18
12 16
16 17
12 19
17 19
7 11
6 11
18 20
7 18
16 18
3 11
17 19
15 18
9 17
15 20
16 20
2 3
12 16
3 19
2 13
19 20
8 12
4 13
19 20
4 19
3 14
8 19
17 19
6 17
19 20
4 5
2 16
19 20
2 18
9 15
6 13
6 17
2 19
2 17
16 20
6 18
2 20
14 17
2 11
0 9
6 14
7 13
14 17
16 18
15 17
8 17
9 19
9 11
13 14
11 12
11 13
14 17
5 17
2 3
11 18
4 7
16 19
1 16
5 13
10 15
14 18
13 14
19 20
3 12
17 19
18 19
11 15
0 7
17 20
19 20
8 9
11 16
12 17
14 19
15 16
2 18
18 19
19 20
19 20
19 20
4 19
9 10
16 18
14 15
3 15
7 16
12 15
