100 9
6 18
5 17
1 13
5 17
9 21
5 17
1 13
14 26
14 26
8 20
3 15
8 20
17 29
10 22
2 14
3 15
3 15
14 26
18 30
1 13
14 26
11 23
18 30
15 27
18 30
8 20
14 26
13 25
18 30
13 25
14 26
18 30
10 22
6 18
17 29
11 23
3 15
13 25
5 17
2 14
0 12
12 24
14 26
4 16
14 26
10 22
5 17
15 27
6 18
3 15
18 30
11 23
10 22
0 12
17 29
13 25
1 13
13 25
14 26
9 21
12 24
5 17
2 14
13 25
13 25
6 18
17 29
4 16
4 16
15 27
10 22
10 22
11 23
4 16
1 13
17 29
11 23
17 29
10 22
4 16
4 16
8 20
14 26
2 14
14 26
12 24
16 28
11 23
2 14
15 27
8 20
8 20
16 28
15 27
17 29
4 16
18 30
4 16
11 23
3 15
