100 12
16 30
10 24
3 17
8 22
10 24
15 29
8 22
3 17
7 21
8 22
8 22
10 24
4 18
14 28
11 25
3 17
3 17
16 30
2 16
15 29
15 29
14 28
12 26
6 20
3 17
2 16
11 25
4 18
6 20
12 26
13 27
4 18
8 22
4 18
4 18
0 14
3 17
3 17
0 14
10 24
10 24
4 18
7 21
6 20
5 19
10 24
4 18
14 28
7 21
14 28
12 26
10 24
5 19
3 17
7 21
3 17
13 27
13 27
5 19
13 27
16 30
7 21
8 22
1 15
15 29
13 27
6 20
13 27
12 26
0 14
15 29
11 25
13 27
15 29
14 28
11 25
3 17
0 14
0 14
15 29
11 25
0 14
2 16
6 20
3 17
4 18
7 21
15 29
5 19
13 27
5 19
16 30
2 16
10 24
9 23
11 25
11 25
11 25
4 18
15 29
