100 15
14 30
2 18
4 20
1 17
2 18
4 20
9 25
12 28
3 19
5 21
0 16
7 23
5 21
5 21
9 25
8 24
9 25
6 22
12 28
12 28
9 25
6 22
10 26
12 28
1 17
4 20
1 17
11 27
13 29
4 20
5 21
2 18
14 30
10 26
5 21
1 17
4 20
13 29
10 26
0 16
0 16
12 28
12 28
12 28
6 22
3 19
7 23
4 20
11 27
8 24
8 24
13 29
2 18
7 23
8 24
0 16
8 24
6 22
8 24
1 17
5 21
3 19
4 20
11 27
4 20
6 22
2 18
3 19
9 25
14 30
7 23
7 23
1 17
13 29
1 17
9 25
1 17
8 24
4 20
3 19
12 28
14 30
1 17
2 18
12 28
0 16
7 23
0 16
5 21
13 29
2 18
4 20
14 30
7 23
3 19
8 24
6 22
3 19
1 17
13 29
