100 18
8 26
4 22
10 28
2 20
8 26
5 23
4 22
10 28
12 30
6 24
0 18
8 26
3 21
10 28
12 30
0 18
0 18
5 23
6 24
8 26
1 19
12 30
11 29
7 25
12 30
5 23
10 28
6 24
8 26
2 20
10 28
9 27
6 24
4 22
8 26
8 26
6 24
6 24
9 27
9 27
11 29
10 28
4 22
12 30
1 19
5 23
2 20
3 21
2 20
4 22
1 19
11 29
12 30
0 18
4 22
4 22
5 23
7 25
3 21
5 23
8 26
4 22
0 18
5 23
11 29
2 20
12 30
6 24
1 19
6 24
0 18
6 24
8 26
0 18
5 23
12 30
0 18
2 20
2 20
5 23
6 24
11 29
8 26
2 20
10 28
9 27
9 27
2 20
6 24
8 26
6 24
7 25
12 30
10 28
2 20
1 19
0 18
7 25
10 28
7 25
