100 3
17 25
23 29
17 21
14 30
11 28
1 30
29 30
25 29
24 25
27 29
16 30
1 10
5 19
6 20
4 23
3 27
27 29
24 27
28 30
6 13
0 8
26 30
1 15
21 27
19 27
22 24
11 19
6 20
17 29
23 25
8 16
15 23
6 24
10 12
26 28
5 9
18 30
25 26
27 30
22 28
15 28
16 22
28 30
28 30
20 28
9 26
13 14
29 30
2 17
12 30
14 25
18 20
19 24
17 27
7 9
29 30
9 19
23 26
23 28
3 9
13 15
0 30
8 15
7 19
5 24
24 30
12 28
5 12
21 30
18 27
15 25
15 30
2 20
21 23
0 19
6 20
6 21
10 14
21 25
19 28
20 23
19 28
0 25
7 18
0 16
4 9
29 30
19 30
26 29
23 30
8 16
2 29
29 30
27 28
22 23
10 14
12 24
16 20
13 18
13 24
