100 6
15 24
17 24
16 21
27 29
11 12
27 30
8 22
6 24
12 15
11 13
12 29
9 13
2 3
16 26
6 23
20 26
19 26
21 22
18 29
3 17
21 25
24 27
16 21
6 25
5 9
10 14
8 17
9 12
26 30
28 30
21 25
5 29
4 13
18 28
10 22
13 20
10 24
7 18
17 18
11 30
21 30
3 7
10 27
2 18
0 13
24 25
24 27
24 30
9 25
29 30
29 30
4 14
21 24
22 27
10 24
28 29
29 30
0 5
9 25
1 21
19 29
28 29
25 28
5 30
18 30
6 11
16 17
26 27
27 29
6 20
11 19
18 30
25 30
0 10
12 21
14 17
26 29
13 23
7 12
14 19
17 27
4 26
3 24
20 23
19 29
6 11
11 27
7 25
23 27
23 29
16 17
2 19
27 29
2 16
17 25
23 26
26 28
10 17
17 20
7 19
