100 9
21 22
1 9
13 24
8 23
7 22
3 21
17 23
26 29
21 25
24 29
11 19
1 12
0 10
20 23
27 29
20 25
26 29
14 30
12 22
28 29
7 27
27 30
5 8
0 7
20 27
14 23
28 29
29 30
20 26
22 26
9 29
12 21
25 30
28 29
12 18
22 27
22 23
10 20
8 25
23 27
10 28
26 29
0 24
7 18
14 16
1 2
20 27
25 28
12 16
2 12
20 24
25 29
20 27
22 29
4 24
19 30
8 10
20 23
23 28
16 27
2 8
2 16
28 30
22 29
12 13
5 8
24 29
11 27
15 22
25 26
16 21
24 28
24 28
18 23
10 21
5 24
6 9
1 7
5 14
28 29
20 30
28 30
24 25
10 23
4 20
0 29
9 10
0 21
2 20
28 29
20 30
18 23
23 28
19 21
23 28
19 26
21 28
10 30
12 20
21 26
