100 12
28 29
23 25
20 25
4 24
12 24
21 24
7 25
21 25
29 30
8 28
9 26
0 10
0 29
19 27
10 12
19 23
17 24
17 26
8 28
22 26
15 22
5 8
27 29
11 18
7 29
3 29
27 30
20 24
27 29
11 27
22 27
0 4
15 16
14 30
28 30
8 14
14 19
16 18
5 29
6 22
21 26
23 27
5 13
11 27
1 15
12 24
0 11
15 24
28 30
28 30
10 26
5 13
13 16
0 6
3 18
23 24
29 30
18 28
2 30
26 28
19 20
0 8
5 30
7 12
24 27
7 14
25 27
12 18
22 24
10 25
26 29
29 30
3 9
6 11
26 27
12 16
3 12
1 11
22 28
2 15
2 3
21 25
5 27
5 27
25 26
20 21
27 29
12 14
29 30
18 21
8 23
26 30
22 29
28 29
17 18
13 30
0 2
15 30
16 28
13 26
