100 15
24 28
21 27
13 27
1 17
9 29
9 12
19 23
2 3
19 26
26 28
24 25
19 26
29 30
18 30
24 28
28 30
26 28
5 7
13 29
25 28
18 24
13 26
19 23
23 24
25 28
2 25
11 21
10 19
26 27
20 22
3 29
14 30
2 30
15 24
23 27
19 24
16 30
20 27
29 30
6 28
29 30
22 26
11 26
8 28
21 23
11 25
15 19
29 30
17 23
16 30
4 13
26 28
11 12
21 28
28 29
14 16
24 27
8 23
26 29
4 18
14 24
2 29
15 16
22 30
19 25
27 30
21 25
9 19
17 20
4 30
15 19
5 29
1 4
21 29
27 29
2 4
23 24
16 20
19 29
19 25
26 30
18 26
24 26
12 27
21 28
16 25
4 8
26 29
27 30
9 13
9 21
14 27
0 13
3 10
12 26
7 21
0 12
6 25
1 24
23 28
