100 18
15 20
20 30
7 29
28 30
25 29
1 19
15 29
17 19
26 29
14 19
20 21
0 25
16 21
22 29
13 25
23 29
21 27
17 25
24 28
4 13
25 26
16 17
3 5
18 28
1 21
27 29
25 28
16 27
8 20
0 11
14 16
22 25
16 18
14 24
29 30
9 21
6 25
5 20
23 29
10 19
3 24
7 8
26 28
18 20
5 18
29 30
20 24
21 28
18 19
26 30
20 22
21 23
22 26
4 29
23 25
6 15
22 27
24 25
17 24
16 17
6 25
26 30
24 29
14 29
25 30
1 21
8 29
6 15
26 30
1 30
21 29
14 21
27 28
21 28
0 15
5 18
2 6
8 24
5 27
13 15
29 30
22 28
23 30
29 30
9 27
7 24
10 13
23 26
27 28
19 20
2 29
22 30
12 28
29 30
23 30
11 15
1 15
0 7
2 16
15 25
