100 3
12 27
12 26
5 7
1 16
8 28
10 18
5 18
5 27
8 11
14 20
15 25
6 10
14 28
1 13
9 10
5 8
13 23
1 10
6 12
6 16
4 24
0 14
9 15
4 23
15 20
9 10
10 19
9 15
17 25
18 29
7 24
28 29
0 4
10 28
10 11
14 19
2 23
14 15
2 23
0 20
25 27
6 15
8 29
7 9
15 24
7 27
3 12
0 9
15 22
15 22
6 8
14 24
9 10
1 25
2 18
2 11
1 19
12 22
21 22
6 14
17 25
4 17
14 25
19 22
14 23
14 20
5 21
20 25
7 24
5 12
15 22
8 19
16 20
13 21
22 28
2 20
17 28
16 17
0 15
8 17
0 10
1 14
16 26
4 16
5 15
0 11
1 26
14 21
0 28
4 17
18 30
24 25
12 28
1 27
5 7
0 19
10 11
19 27
4 12
0 21
