100 6
24 26
7 27
17 26
6 13
20 25
7 29
1 14
5 20
4 29
3 17
7 10
4 9
7 14
7 8
5 29
17 29
9 29
14 27
21 27
5 19
8 11
0 13
6 13
1 12
3 17
16 26
10 11
21 29
11 14
3 4
12 17
6 7
16 22
21 25
23 27
4 12
0 12
7 13
15 28
0 21
17 26
10 14
15 29
16 25
7 24
10 29
24 29
2 26
12 24
3 22
10 21
10 24
2 19
17 19
16 20
11 13
14 19
0 26
23 24
4 25
19 20
5 28
2 27
0 14
0 2
3 22
10 16
0 11
13 29
0 26
14 18
6 23
15 16
6 10
14 24
5 22
10 22
2 3
21 23
6 27
3 24
7 22
9 27
7 26
25 28
0 23
9 25
20 24
20 24
24 26
20 26
8 30
7 24
12 20
6 20
19 27
8 11
10 24
2 15
9 11
