100 9
3 24
2 7
3 25
8 11
5 20
6 15
10 28
6 12
2 5
17 28
18 19
5 27
17 23
4 20
16 20
5 17
3 24
26 28
20 21
4 27
21 23
6 7
14 19
1 4
23 26
4 27
2 16
0 7
7 19
4 22
0 3
7 22
12 26
4 8
6 18
26 28
26 29
13 20
9 28
1 24
8 26
1 25
3 28
5 18
12 25
6 22
0 26
10 15
3 24
14 22
5 9
5 17
0 15
24 27
4 17
2 18
23 25
21 29
4 5
3 28
26 29
16 18
6 30
5 10
3 21
11 26
3 4
13 15
2 16
0 5
5 23
1 4
2 15
4 25
2 23
16 22
8 10
8 10
14 19
0 21
4 18
4 30
8 11
20 28
18 20
26 28
10 15
16 26
1 9
8 11
3 15
2 7
1 23
0 12
9 12
18 28
5 20
11 29
5 16
2 21
