100 12
15 19
16 25
13 18
0 14
0 17
3 12
14 20
16 24
24 29
19 30
1 3
15 29
21 22
22 28
16 19
10 13
17 28
3 15
12 24
7 12
12 27
1 19
21 22
6 18
4 27
17 23
9 13
7 21
13 16
24 27
15 27
10 21
21 30
19 29
11 26
18 26
17 21
6 16
0 19
11 21
0 1
17 26
0 23
12 24
21 24
16 18
13 20
11 25
13 19
22 23
5 6
3 5
2 30
7 25
21 30
5 6
1 15
7 19
23 27
1 4
10 19
7 26
18 25
12 25
8 30
3 7
23 30
23 25
20 23
3 20
1 23
2 3
21 30
8 20
12 25
16 29
11 22
10 11
3 4
2 26
1 2
0 15
7 12
16 25
25 29
2 17
17 28
17 27
7 18
1 7
8 21
8 13
2 20
18 19
7 11
14 27
0 10
18 23
13 29
15 21
