100 15
18 27
17 21
21 25
0 26
3 23
0 18
7 29
11 27
6 18
26 29
25 28
9 22
13 22
12 16
2 23
0 26
5 15
3 22
2 8
11 29
5 15
1 3
7 12
1 13
9 24
3 22
4 24
14 19
14 15
2 12
13 24
12 22
0 26
22 27
1 27
13 21
26 28
1 10
24 28
0 4
4 27
6 11
1 21
1 3
9 29
22 28
3 15
13 28
9 22
16 21
4 27
13 23
5 9
7 20
5 19
1 24
8 12
1 17
27 29
12 28
13 25
10 19
26 28
20 21
8 12
3 8
6 17
21 27
11 18
3 14
17 24
1 22
14 18
4 24
9 24
16 18
2 24
7 19
12 29
23 26
12 17
1 23
21 29
25 28
5 7
24 26
20 28
9 16
15 17
15 23
14 17
15 20
21 27
17 23
15 18
7 11
2 18
8 28
3 22
2 20
