100 18
7 24
12 28
18 20
14 30
0 17
3 7
18 25
3 19
2 27
4 15
12 16
14 22
17 29
1 11
2 24
9 17
25 28
17 20
2 24
14 24
25 28
17 20
16 21
3 4
5 13
0 23
17 18
6 28
9 16
0 6
8 10
15 24
26 29
11 17
18 23
9 27
1 12
1 15
15 18
0 24
8 17
16 17
15 27
10 29
13 28
8 16
4 23
2 30
14 29
24 27
14 29
2 24
6 28
9 26
7 18
9 30
15 16
16 28
22 29
4 14
19 20
8 15
16 23
25 30
19 22
2 6
12 20
13 21
10 22
1 9
4 14
16 22
7 22
14 24
1 30
4 10
13 20
10 28
1 7
3 5
20 23
13 18
7 11
0 1
6 21
24 25
24 28
2 5
8 10
0 8
9 17
1 5
4 15
5 23
16 23
11 20
7 15
13 28
0 15
16 23
