1
0 2
1 1
1
2 1
1 2
1 2
0 8
2 1
2
11
4
2
3
1 3
1 7
1 3
1 7
3 4
2 2
1 1
2
7
1
3 1
1
4 3
2 4
1 1
1 7
1 6
6 2
2 3
3
1 3
9
2 1
1 14
1 11
1 5
1 10
2 6
1
11
3
1 20
5 2
24
1 4
1
6 3
4
1 9
54
2 1
1 18
19
1 2
4 3
20
1 1
2
1 19
3 1
13
4 2
5
2 10
1 13
4 2
17 3
6
12 1
74
6 3
1 7
1 21
5 3
4 3
4
4 5
2 8
83
7 2
1 2
6
1 1
1 36
3 5
6
4 15
3 11
13 2
1 19
1 19
2 22
2 4
1 9
1 29
1 3
8 1
1 29
3 7
1 5
3
2 2
53 1
1 2
4 1
5 5
1 40
2 16
4 1
1 11
1 11
2 16
12 1
1 22
1 30
2
1 46
1 31
123
8 2
2 13
1 21
2 10
4 4
3 2
10 2
1 27
12
13
1 45
135
8 2
2 19
1 57
15 4
140
1 20
2 20
1 9
3 5
1 19
2 10
2 2
3 28
5 2
1
44
15 2
1 13
1 32
1 16
2 12
2 9
52 2
1 21
10
4 1
7 1
2 27
2 15
2 7
7 5
29
7
5 6
15 5
2 21
10 1
5 18
5 2
4 2
9 1
6 1
3 34
1 10
1 35
1 4
7 7
1 54
2 56
1 3
1 10
2 49
1 4
1 22
1 38
2 6
1 41
3 25
1 76
6 21
9 16
2 9
1 5
1 6
18 2
4 1
3 4
1 3
3 39
2 37
1
1 26
1 22
1 29
2 26
1 18
3 9
2 8
3 13
2 11
1 68
36 1
4 9
1 78
6 4
2 16
31 5
5 3
56
2 3
4 6
1 74
1 53
2 13
8 14
10 11
1 52
1 10
2 28
5 12
8 2
6 1
1 55
3 11
1 39
27
1 10
1 19
5 24
14 1
4 30
2 23
6 2
19 2
5 15
1 30
5 2
5 18
2 15
19 8
64
5 32
2 22
4 21
1 17
26
2 4
3 8
1 7
22 1
1 4
4 23
1 48
4 1
7 18
1 49
1 108
1 57
4 14
1 102
1 50
1 4
2 2
1 10
280
12 17
1 58
8 11
3 2
1 39
1 41
5 2
1 109
18 1
5
13 5
5 8
1 5
1 11
3 25
1 54
10 7
15 13
1 76
3 57
5 7
10 2
4 24
1 108
1 134
1 61
2 25
1 82
2 8
3 1
2 2
2 11
8 9
2 2
1 18
8 4
1 65
13 3
12 7
2 22
2 15
5 3
14 2
3
1 9
163
3 12
15 13
1 138
2
1 98
2 8
3 13
1 16
25 10
1 7
1 109
1 145
42 3
1 2
2 19
5 7
1 61
2 16
7 16
18 4
1 25
3 21
1 21
1 125
1 85
20 12
1 90
1 35
2 20
3 23
3 18
3 26
6 35
1 19
2 12
3 23
2 26
15 4
2 103
6 6
2 10
12 5
6 3
3 13
2 14
1 39
124 1
1 46
1 107
4 20
1 41
9 18
1 14
6 2
2 93
191
1 4
2 34
1 63
5
1 75
4 6
1 33
3 60
1 2
1 143
2 39
1 45
4 24
1 171
4
3 23
1 15
21 1
5 16
4 26
2 5
1 140
405
1 103
1 4
1 114
31 6
2 60
1 112
3 4
14 7
5 4
3 2
9 11
3 16
1 7
3 8
52 4
1 52
1 1
2 51
1 57
1 6
2 36
13
2 12
1 19
33 1
1 108
1 22
4 5
1 19
1 76
1 48
13 8
3 27
1 45
1 85
11 23
5 2
2 27
1 48
2 25
1 10
2 21
2 28
3 26
12 18
1 80
1 41
6 7
2 68
2 22
2 12
1 117
1 47
1 183
1 58
3 2
3 54
8 31
22 2
1 141
2 66
4 43
3 7
1 83
33
3 87
1 66
3 12
2 58
5 13
17
14 1
5 7
2 18
1 111
19 6
6 2
2 32
1 83
3 8
1 49
2 93
1 120
1 4
2 26
2 92
2 42
3 79
1 34
1 3
2 24
1 70
2 32
1 56
1 33
2 86
1 11
1 25
3 42
5 5
4 42
2 133
1 17
5 15
2 11
4 3
1 46
12
1 12
2 91
7 47
1 10
17 8
10 9
1 207
1 172
6
3 23
1 6
26 5
4 22
1
2 64
2 39
1 67
4 79
1 147
1 143
1 152
1 54
9 8
1 220
1 209
9
63
6 1
3 20
3 18
2 156
6 11
2 112
7 22
1 47
3 2
1 35
1 236
39 6
3 1
1 92
5 20
11 1
1 104
5 3
3 17
3 78
1 92
12 2
1 129
7 18
2 37
1 191
2 101
20 8
36 3
1 188
1 34
2 96
8 5
1 139
2 24
1 108
3 22
2 72
11 18
1 63
3 122
9 6
3 11
2 56
1 41
1 81
1 10
1 63
5 29
1 73
10 31
2 48
1 109
3 53
1 15
1 75
1 209
27 4
2 7
5 5
75 1
1 57
3 51
2 16
1 8
1 14
1 119
2 62
1 34
2 104
2 47
1 129
7 25
2 142
3 4
1 41
4 69
9 1
11 3
5 27
1 179
11 10
11 7
5 12
2 2
1 12
13
1 183
12 8
11 8
1 9
1 164
4 22
11
1 59
2
8 29
2 114
1 2
7 10
1 143
1 25
6 13
1 41
2 57
2 50
2 11
20 10
5 59
81 2
1 101
1 98
1
4 19
3 100
1 17
3 51
3 19
2 127
1 112
5
8 14
2 36
1 57
1 133
2 3
196 6
1 1616
1 167
7 16
1 60
1 408
1 500
2 766
1 95
20 7
1 436
7 140
1 1931
5 74
21 2
2 88
1 55
7 28
1 43
1 32
5 117
2 893
1 334
7 100
5 142
6 11
2 1628
5 346
22 16
2 304
2 881
2 41
1 422
3 538
2 355
2 362
2 88
4 394
1 281
1 1406
3 94
1 910
20 6
3 91
1 250
2 316
2 305
2 1154
3 7
1 2706
1 1879
6 59
5 493
2 8
1 203
10 19
10 9
1 89
4 477
4 320
1 535
1 181
2 1554
1 228
1 2939
1 161
28 26
4 240
2 245
1 66
1 564
1 992
5 43
6 39
1 2013
6 611
2 157
2 33
1 677
4 61
1 195
2 210
5 373
1 329
3 28
3900
1 1191
2 245
3 320
1 1212
8 29
23 25
1 706
3 20
2 591
3 57
2 1512
2 699
1 175
4 55
32 2
5 39
6 11
2 425
4 262
1 531
7 126
4 1347
1 841
1 97
2 191
2 900
20 30
6 206
7 22
2 808
3 876
2 175
4 254
1 476
10 210
1 17
1 310
2 503
1 823
1 574
5 738
1 2454
2 83
2 89
22
5 159
4 95
111 6
1 234
2 1
5 187
1 1515
1 431
4 26
2 853
12 113
1 841
6 24
9 37
2 397
2 471
8 70
2 149
15 119
1 261
14 234
54 19
3 331
52
4 10
4 7
20 105
8 55
4 396
1 917
2 86
1 699
1 87
5 29
56 55
5 385
3 155
2 199
1 186
23
2 1533
2 510
1 44
1 390
3 1364
3 227
2 154
1 473
1 1355
4 392
15 5
1 40
2 521
1 96
3 75
3 182
10 61
1 538
2 675
2 83
4 327
2 475
34 1
1 262
2 367
2 14
1 335
2
2 94
6 459
2 11
2 432
3 115
2 162
2 21
1 1
3 1851
11 95
13 354
2 631
686
2 877
10 8
2 47
8 194
1 1011
1 482
2 556
1 694
1 2
8 183
4 26
1 52
3 137
2 862
1 1517
8 209
1 590
27 17
1 1575
1 86
41 30
1 180
2 248
2 587
32 61
1 400
2 22
1 2293
10 17
2 460
7 47
4 402
1 173
1 1330
2 615
3 554
1 3054
3 211
4 494
3 26
2 679
1 273
1 662
17 36
1 245
6 153
1 356
2 269
17 5
1 499
1 67
1 71
2 113
1 785
1 37
2 459
1 658
1 1098
1 963
7 259
13 473
709 1
1 363
3 46
8 5
151 9
3 1003
1 184
2 1666
2 189
1 1098
8 42
32 20
2 1043
5 197
4 218
1 93
2 82
8 114
3 705
4 41
3 544
1 1176
4 61
4 655
2 1570
5 35
3 54
1 1371
1 889
32 30
1 1124
2 2
16 41
2 441
2 1782
14 26
5 7
2 1506
23 146
1 923
26 88
9 47
2 244
2 1387
1 1778
5 26
3 72
186 2
4 349
1 137
4 109
1 446
4 113
14 117
16 336
5 89
2 501
5 80
2 2082
1 381
19 28
4 8
1 559
1 194
2 2237
1 160
3 43
9 533
3 888
7 74
1 365
5 8
8 144
2 272
2 642
1 4380
1 1970
1 499
3 999
4 360
1 951
3 62
1 1254
2 428
8 21
1 595
7 7
1 855
9 55
1 120
9 575
1 1892
3 71
1 360
8 602
18 18
1 767
3 887
2 102
1 1073
15 51
1 1198
46 29
2 528
3 22
3 298
1 6
1 1362
2 21
2 106
1 1880
1 435
17 170
1 2007
1 458
2 186
1 214
1 1748
1 1011
1 1461
1 6
7 199
21 28
9 79
1 122
35 4
64 73
4 325
3 228
1 1778
1 1105
1 2272
1 30
3 123
222 6
1 433
1 911
1 678
58 29
40 4
2 499
15 209
1 285
1 249
2 35
4 45
7 375
22 55
2 1642
2 390
1 878
2 101
1 32
2 1227
3 93
6 63
5 175
5 87
4 107
2 1184
6 13
2 63
37 36
5 35
17 10
1 938
7 220
1 30
1 1000
3 1032
2 143
1 1884
1 1308
3 81
1 44
6 96
1 1752
1 274
4 235
3 37
2
11 164
3 34
1 144
2 667
11 18
1 2267
1 542
1 292
2 253
2 974
1 1596
3 626
5 758
1 2440
2 904
2 240
3 168
8 51
2 463
3 29
2 1551
1 267
59 112
2 559
1 151
1 1114
2 355
16 15
22 17
6 227
4 64
1 3592
7 37
3 164
2 685
2 24
10 514
1 776
4 684
173 1
1 651
1 1191
1 6
6 243
2 1007
10 168
1 405
1 93
1 1011
3 100
6 23
2 785
4 250
10 33
1 134
77 6
2 254
1 74
1 142
3 848
6 29
1 34
2 482
9 18
18 12
2 542
6 189
4 38
18 196
4 732
1 35
5 124
90
2 2645
1 414
11 32
12 52
1 245
10 125
1 478
1 372
12 87
2 626
21 6
4 307
1 1420
11 11
3 50
2 1176
2 998
2 96
6 623
125 8
5 8
1 1364
3 307
1 1507
1 2362
5 96
1 423
2 1004
1 41
17 153
9 123
1 709
4 665
1 19
27 36
1 279
1 1023
2 56
1 549
19 286
1 129
1 1926
1 6
3 258
1 1288
6 121
4 53
6 271
1 314
1 1748
3 372
2 216
4 1014
4 245
1 1866
8 10
3 137
3 79
5
2 463
6 5
2 24
16 103
2 109
2 257
41 24
1 1704
1 205
3 54
3 570
2 157
18 13
3 73
2 43
5 80
4 493
1 252
1 31
5 96
6 32
3 88
1 1879
2 170
3 407
12 24
5 406
7 105
1 421
2 249
3 346
2 1689
4 1104
1 51
2 165
13 19
2 69
2 524
1 1159
3 429
1 100
1 1001
159 40
1 463
4 1119
1 1598
1 153
2 737
1 381
1 3091
14 167
1 991
5 180
1 577
10 23
31 12
2 1025
2 75
1 208
1261
3 31
1 1090
1 232
6 292
2 13
1 851
2 175
2 282
1 21
2 34
8 42
1 349
4 445
1 2336
63 5
2 306
3 390
16 30
2 331
2 290
