1

500
386
300
29
419
405
497
441
415
153
339
73
258
101
128
44
53
325
4
333
299
378
460
39
74
399
329
188
343
137
7
81
478
150
427
291
448
127
379
292
360
297
398
216
183
232
430
483
241
203
221
310
172
6
152
338
5
187
365
21
318
311
193
30
414
278
366
482
240
497
86
483
264
125
435
263
210
114
333
241
95
463
485
249
126
120
130
264
173
458
96
310
248
392
96
306
489
262
445
357
77
471
135
161
138
137
402
448
474
4
330
169
291
475
479
112
419
112
224
153
420
378
192
432
276
42
388
339
483
435
176
304
462
228
496
455
107
297
375
458
371
134
397
190
19
206
291
436
168
217
248
305
409
130
196
337
403
366
19
235
239
72
329
126
388
471
344
243
102
204
375
447
230
382
6
177
237
377
461
142
460
280
116
360
282
328
444
382
359
272
48
356
235
105
94
167
370
301
308
158
117
247
178
394
296
132
296
443
322
403
160
199
429
267
331
378
60
61
240
220
367
8
174
42
42
304
419
124
495
462
283
265
67
110
499
178
236
90
495
194
401
179
353
218
97
429
48
446
38
128
111
492
302
13
380
246
334
402
193
269
251
232
313
148
206
360
470
243
167
317
223
363
391
175
409
236
475
183
153
113
358
344
59
430
415
385
129
30
361
201
144
204
156
28
137
491
288
266
48
4
332
326
364
26
388
80
371
115
78
22
201
281
243
313
475
184
13
484
177
173
68
309
140
485
228
97
380
299
80
433
63
108
243
68
308
3
498
495
371
12
499
131
66
280
214
274
417
188
493
318
411
303
485
355
196
259
441
176
189
439
388
35
394
111
352
221
51
429
358
448
285
99
174
342
287
40
173
419
302
497
168
217
30
274
429
266
238
339
91
329
83
111
450
95
120
256
457
372
395
495
300
441
82
24
62
112
315
458
40
195
20
23
176
118
33
472
222
453
226
356
297
216
405
118
362
241
120
399
7
367
174
483
18
463
47
283
198
382
117
132
21
239
188
77
219
41
9
309
471
419
314
233
383
139
417
81
190
303
404
436
44
65
397
408
78
364
453
480
449
179
493
374
73
176
113
337
446
156
420
216
174
494
21
219
162
310
351
450
404
480
96
146
485
492
430
287
487
304
69
211
314
500
303 75
357 324
87 174
241 311
497 278
455 290
422 440
51 486
66 105
496 61
102 420
90 388
481 443
79 394
279 153
402 101
354 57
131 123
183 92
481 210
328 411
39 64
386 211
374 488
464 87
145 276
398 251
307 485
5 444
342 478
268 390
351 80
245 213
287 278
174 400
148 21
458 335
316 352
465 371
259 181
135 240
309 260
223 92
46 277
298 268
133 97
35 484
481 52
118 317
413 312
13 198
243 454
83 306
374 317
103 491
23 181
441 398
343 366
108 319
408 145
311 55
36 12
406 115
347 433
328 462
451 396
268 77
348 441
334 20
351 280
9 257
50 116
409 412
447 299
301 47
19 351
391 87
95 434
308 126
392 475
101 353
222 288
299 62
326 145
151 344
300 152
123 155
99 209
497 268
443 274
348 21
373 403
455 71
288 118
341 355
461 369
164 3
178 119
415 321
392 330
110 405
113 350
402 163
287 148
234 221
445 299
54 460
400 21
345 420
266 186
406 291
351 360
107 61
406 429
220 313
4 357
415 139
355 88
180 20
35 435
356 197
145 233
32 47
378 367
120 285
135 306
32 142
15 91
279 384
446 47
5 38
21 117
435 59
345 287
261 341
12 116
480 2
333 443
380 235
433 130
46 325
170 389
314 122
196 204
296 116
343 386
358 493
471 113
361 101
274 242
491 135
39 420
332 351
406 267
117 238
292 144
141 46
390 230
421 269
162 317
184 16
129 163
485 137
305 246
325 363
155 172
39 6
357 174
133 32
76 231
203 150
155 450
294 9
214 284
354 25
475 208
264 231
56 469
40 310
404 449
279 181
68 311
85 356
472 340
400 154
329 485
261 21
439 8
163 351
302 235
336 201
44 54
455 137
303 68
445 64
266 354
349 268
122 31
138 346
293 424
35 485
259 310
414 321
307 457
172 327
274 62
351 332
422 21
152 361
69 180
69 355
241 168
49 348
448 82
64 414
424 117
152 398
27 289
191 330
262 11
481 324
97 446
391 442
244 38
473 179
430 291
417 249
479 351
7 127
234 14
471 440
289 486
500 211
485 93
259 12
275 158
434 354
59 409
438 75
80 471
154 15
498 190
136 346
137 291
268 229
4 4
315 6
397 194
211 419
39 296
110 47
10 212
63 325
445 73
188 30
45 202
23 122
226 186
221 390
259 320
260 187
375 116
27 192
366 286
86 167
84 277
136 359
78 383
421 191
238 3
10 480
43 330
331 170
44 417
321 323
441 27
305 233
475 294
298 351
167 207
209 459
181 374
11 258
116 122
112 398
497 5
399 240
458 172
467 481
322 337
458 285
477 68
374 436
216 361
291 477
357 204
407 382
4 20
155 154
22 304
427 139
259 160
386 161
424 85
359 272
388 226
166 140
342 459
109 253
55 354
175 110
329 268
167 206
454 4
433 47
378 470
318 372
207 37
119 130
449 273
133 432
337 439
319 465
252 162
102 354
348 414
346 232
32 496
436 239
170 345
395 438
336 315
179 18
67 479
278 141
298 29
467 202
78 453
124 176
340 466
4 48
188 141
165 103
130 207
306 460
212 93
251 320
378 234
492 170
483 499
75 296
466 7
120 284
119 43
266 252
308 181
336 372
4 252
274 151
58 102
146 322
482 8
30 226
178 5
315 71
149 108
144 476
354 410
41 21
232 49
223 344
453 64
102 471
224 291
41 430
3 384
37 217
394 15
358 265
14 141
260 310
394 234
33 320
369 288
479 88
57 82
72 455
453 459
204 162
54 54
138 48
154 453
495 425
206 103
428 175
210 349
145 250
182 333
171 319
369 307
120 321
491 251
326 239
280 314
370 443
129 14
497 327
137 479
99 85
378 268
148 354
305 124
296 369
69 37
134 116
122 155
499 36
463 187
45 446
335 402
352 279
347 483
336 238
265 105
13 79
113 88
394 139
132 238
275 247
229 7
358 452
354 110
340 28
253 329
60 183
58 277
30 258
329 455
199 32
56 493
191 8
267 116
196 162
409 37
331 59
156 428
383 375
128 308
316 328
251 281
53 136
214 464
133 328
136 136
87 439
408 80
3 3
120 248
19 36
309 467
64 20
200 271
347 312
316 443
420 373
212 244
214 361
476 2
353 136
74 454
59 15
340 454
51 248
431 275
496 250
193 210
196 344
284 163
373 10
390 443
173 295
474 38
122 386
396 339
20 115
26 313
18 14
327 24
228 118
14 106
297 388
163 80
442 288
498 388
410 293
173 37
78 324
58 125
403 252
420 460
