9023951010097668096
8675469909799908672
9070784351899446480
8814402169408380657
8867648734808321536
8921509066600005632
7700536395060165632
9143702386378801152
9217162461648844224
8646465115832451072
9159102734978020844
8693240349234704526
7849913132045899200
8603550084496818176
8539025732286076352
6658899677070622720
8934177335674445824
22638
7023238844797259776
9192019028307727350
8688304569341047904
8258992295815832848
9209490704461689856
9010743665450549248
9187913199175860224
9212570220156773376
8900403910637780992
9166773013735778304
9192892475021197312
9212889364169416960
9157174510635846944
8904886742906044416
8808737967527952384
9211963800960368640
7626085956411154890
9222824892542230528
9159405250642543488
64502
3328445736
4832417890105923180
8733982870772809728
8830230641928858736
9078783035692745866
8343160564957175488
6348180031503316704
8215400813034705472
9153372728584044544
8345645227289921920
2368533955
9025963358996660224
8613386161799096320
5715812310263178656
8837575721424071680
8324469350443515904
9078566105455887032
9140928099714035712
9055134680548900864
9104352595745308672
9180047292990750720
9103300018433696528
83898
8881524603925725312
241902506239990200
9130028428694126592
9032748477186624800
8844361681072466500
9173820500139311104
5490553616691685312
8376038429242490880
9146988789041873851
9166477358521422204
1628856685022780784
9201980455561137664
9208645320757270400
9148759281409982464
8015865905854596232
8550460716443959296
8964208533793220352
9036359041319346344
9024826252819562496
8611958913758153760
9033862424800788480
9103280122507409385
7887239652962667954
8894644823031087104
9218572668599533568
9136658821635960768
8636908349739236560
8115995610995228672
8490865925812075832
9095227780251516928
9121306758600100212
9173858992126930380
8890128142512169920
8809198475625553920
9177291788016019948
8981098288817635328
9118745297566040064
8610442042957365248
8995555027227760992
7836168772726805072
9118996772419534848
8114330279951384576
8614353699523002368
8721461865467218312
8879809224037629952
9048776368225135616
9217640565927439488
9223099044513212900
9101825112538448112
9217831023914516480
8834556926055309312
9081053505895137280
8897148736484933632
9088569135629654016
8997468755337854976
7940636599537296768
8720568858732810048
8392963355737857792
9163262452571971584
115369361707698
9029058492578987178
6377687480804081664
8795882941200886272
9068027096279572480
8242079988510777344
9207837053946142080
9102416411950579712
8996508532988123776
9081962657418477568
8761506888914998016
8254774433867022880
7954872811768462336
9204755243412226048
57845149466850
9148588409894207488
9058798427046936576
8957215884581433536
7846627604908786688
3385051130
8729160870342616704
8882080032708731712
9130318205898719232
9206149501690347520
305181736539648
7533354624042733184
8673049148674351104
8700885135016919040
8579643522966277000
9204734234086283520
8886145311820926400
8880026570710933504
9222235164418600960
8673106126135361536
6268366959049566208
9197328454683459584
8638820135220257520
8760153808277449972
7798089168527853592
9003176136170513408
9138862973042950144
6470625413644605688
9109812573223387136
7729995239294941552
8729454098469788808
8830105967478608640
9156780739277897728
9079256848778919936
8716887143357612032
8638368788771058720
8451144842399581840
9215995315236726784
8819773005943078912
9112456203267211264
8374670427264842960
8740680425246588928
8460375738702888960
8874666362645020672
8405145033293496320
9117413367799583488
8831092697616819144
8271919630815657984
8851204943038644224
9039918418681135104
9198361121007668160
9130190728100577280
8798840543834607616
9172680648556564096
9143428903463813120
9155395503987097600
9102199288962229204
9170820203670606228
9068024433926978048
8310935350308044800
9113769984543162368
8881009059501403904
8868479881776914624
9022569821148805944
8977094755365855232
9036160210849234944
