30595 29107 31423
89065 90503 89373
12150 6768 7704
7383 5817 16212
30206 26188 30264
81806 81365 80189
41078 30778 38984
13539 16025 11100
61950 64833 62757
44923 42843 40867
27729 25417 32338
10785 10818 10182
52396 59662 56446
29724 31521 29160
10928 5533 19443
24880 25456 23764
35158 28797 41960
65983 57594 59071
29398 28289 30219
7242 8812 7697
78248 76688 74504
7012 7944 16544
6772 5884 7811
36483 36726 36611
71794 68934 74124
42267 34890 34493
29842 38392 46678
85211 96866 108794
79837 84599 83922
38908 41990 47146
70351 90121 76661
24503 23702 25964
38917 39107 39728
89094 88223 83515
2181 2119 1768
77335 79635 74844
36646 36627 39567
64985 75825 78367
17482 14651 13948
57312 56302 58452
22878 23544 26478
34822 38526 36882
51208 45856 51166
13089 13497 13398
3921 8779 4425
4910 5237 4730
19614 18437 22269
85015 92750 86394
65498 65254 65188
28540 29191 27091
32360 32871 31702
59680 55133 58638
50910 56413 61967
92685 90925 70754
52806 55908 56776
121353 120134 133382
45270 54714 50316
7040 11684 9693
13587 18473 24385
25722 27270 24120
19356 20364 25621
5586 5893 7841
14686 15204 15218
75306 72827 68411
43672 46557 47159
79151 84965 86723
64200 72266 63238
49252 51065 48195
105938 100524 105782
77520 76262 80835
43982 58721 55474
23922 21907 22856
9862 4620 6693
4334 4344 6792
5194 3691 6847
12391 12734 11929
112530 122811 112644
20429 25049 33946
22614 26755 14982
49240 46512 63160
32375 32287 36421
10039 7752 9899
12580 12440 13032
33520 33624 20636
45221 45746 45809
7358 5942 7232
2680 2868 3188
38584 18960 43228
18904 24564 14614
68533 56867 66098
2625 4023 1632
23314 27557 23625
7769 11056 11045
26706 17858 19098
77284 74698 75322
44457 46479 50760
27498 26862 29974
29448 31180 30760
10438 7563 7603
46347 50053 47232
40048 33009 42375
53946 46764 62424
54601 55104 54449
153014 148525 149462
45181 33161 40749
24520 25736 33800
8158 8321 7501
4347 6345 7128
26935 23041 20249
34185 31003 34912
33987 39183 37080
20466 21342 26232
84490 86620 83898
24120 21391 21108
31752 35560 20814
8860 8800 13084
22401 21606 23907
63307 61894 65097
2992 2420 1938
28326 29910 26424
129576 134384 131848
34181 29792 41867
69872 64348 72708
44382 35461 41553
25790 27877 20013
24488 22880 26972
126720 123948 125067
20270 25832 25112
31348 29996 30748
46752 47647 46607
6428 6458 6770
38520 41334 42456
21076 21229 21493
5625 6167 7768
24651 15818 26070
60814 57067 63559
36783 30413 33164
52961 57065 46614
40898 35098 36500
51729 52566 41955
14367 15544 12489
35461 35563 30175
69134 69997 68629
5060 2664 4436
45458 47791 47511
8709 6317 10399
12780 12965 11665
28089 28104 23934
22459 24289 20713
22060 29771 32217
33013 38448 39926
60336 66006 62094
69990 56884 70827
17412 17617 17324
9213 11448 13854
39783 37119 33978
61178 69336 65566
21438 22821 23592
131176 142524 137216
41615 26320 35077
26762 24058 21698
9530 7528 9267
33377 31686 38297
40079 33485 37976
55739 53330 56607
86878 86564 79722
20488 30520 21324
26389 33323 30239
38635 33627 29370
52259 53381 43292
13176 13852 17500
55267 55535 52439
19460 18732 19460
19670 10014 22566
34328 28348 36324
116228 117077 116934
36810 32370 36090
6995 11069 11825
53184 50512 47568
37115 38147 24066
75544 71274 69600
11101 9758 9570
17566 13767 20555
61090 51268 52878
32013 35597 34165
52174 55024 47989
58795 60749 60681
56099 48220 71178
56457 61236 54945
9571 10809 11750
23377 21419 21508
26578 30398 21210
12759 15521 14544
28894 28870 29851
62268 47268 69166
79351 79128 78701
18981 15727 11591
51843 54389 48696
24636 21684 23322
50992 44867 46071
130551917 130238453 130808570
71596968 71805585 72081139
64151703 66301963 65659444
101873169 104886519 103335780
181542133 183087057 180382950
78382242 79923249 78847949
16899408 17202128 18100432
27607742 26698374 28711486
12164588 12055431 12409585
205232453 211110492 206954950
138000904 135021386 135770081
69904913 68763698 74880494
1280856 1469278 1598198
53302773 53414973 53089197
113867874 104572976 110165610
143327385 142989200 141905545
15778861 15903251 15742881
57269016 56315664 55370844
83381756 82492166 80927876
71205354 74178029 70014629
10393551 10682176 11512791
53900980 53555668 53364532
4864116 4695702 4650003
63162543 64045861 60722009
179069253 174228998 179139639
7126814 7161518 7496522
9387122 9500244 10551386
2707079 3867154 1816917
35073899 34394922 34892059
10165118 9642153 9694894
6144731 6106319 5804321
106273326 107353864 105857720
21141628 21815374 20756230
85238097 82757323 87428642
201557400 202045428 200634432
200879553 191259435 195540080
166017117 164747332 164070730
1318657 1482658 1275604
57498530 54305364 59416756
161935569 160961593 159784994
4348138 5169395 5425815
193139408 192994903 191422117
105192531 102811650 101162919
9835670 8804394 8333974
11275889 11211257 12557046
109542988 109086822 106571612
7658075 7964117 8426124
78149336 77411954 76380002
87287092 87617858 86090953
15378144 16162790 13564352
59561464 57154182 60229990
35640368 34446070 35164564
1456161 523874 1440365
152780530 153361700 154028990
82383388 84707196 82159684
175702508 184551940 175284502
3891672 3318852 3598590
9584253 7899654 9694664
13632407 13627241 13623527
26282155 25867630 25895335
80636426 80049926 81805184
118524594 118089496 119217606
19819597 19938480 22358643
138930374 138035010 139496166
198693235 204506790 204884599
20780359 21873496 19664520
2979928 1356227 2631317
37861240 37739260 38044278
15578475 16077405 16443640
66285538 66897696 67673777
53597064 52726120 53317085
148185240 148032463 148147169
34962672 34885374 35650578
42257834 42814048 42672275
139813327 140119325 139397233
99445373 99642045 103636237
94671944 94924054 94977114
151512977 153388845 153505141
27997916 28213170 28474704
75510212 76791085 78059847
34313082 33982758 34571184
47138451 46477033 46065391
16428911 16367992 15439597
610367 1212942 1678384
8221026 8369092 8401012
75513787 79623358 75377965
140621658 133642441 134483960
44281534 49609150 44507596
194957939 196504787 200392138
166417236 165449886 167783638
148438522 147424418 152363780
1038523 999008 820897
106588718 106468150 107627800
59790698 59405502 58767832
4028667 3871178 3578123
27432645 27351706 27485377
11027925 11720541 12256890
152916223 154681816 145225165
108574348 108276110 107944896
25102542 23345988 24590088
693295814 698917955 703133243
1459253733 1425423907 1443351708
496184290 476163470 482052880
10099724 7286957 10516481
1678905261 1678433999 1681103620
1702019286 1701150350 1710186556
2647917533 2675009952 2658673519
52312702 52393084 52526464
404512910 407670410 404882558
26250747 26239481 26296952
2048876036 2095332902 2062387928
1452837398 1450365118 1442155622
48581832 51571429 52577603
2212070773 2200619624 2208782018
292015340 293756972 292957644
3267623024 3272246665 3271381061
2963407360 3021328975 3025773105
3193982690 3210827670 3207956909
2678914009 2699358341 2659606989
1418949224 1426771176 1432406080
136166960 137421220 137914440
276086262 274282564 280313719
15423100 16020474 13148701
1057239760 1070858199 1056430176
2074959796 2090676050 2065991842
633662201 634163302 632628752
596762253 588529260 598006042
1640465669 1640797164 1618694789
772792810 767461594 758234365
3479898964 3460595565 3459089663
567971388 593980535 580488361
130276073 121131080 128482892
1975223671 1974473949 1947126417
12474758 16209944 14678398
1535291313 1549390917 1546228353
1455815022 1451839959 1448777939
122222214 121416627 123287383
1025944036 1003612898 1025852786
1884007256 1904460431 1895345721
2240041729 2247668654 2238337953
311701932 322568784 303471796
2952557896 2961249148 2954393698
526401290 503703142 505194144
1060383833 1031009838 1061429704
1003324147 1004767298 1006557085
426235923 426846006 428119371
47975189 47962045 45514467
1263653954 1231825730 1229947616
4837620 2766512 3183868
239468016 245377440 243962256
2152600063594 2150862876412 2155993398314
3775102029996 3775567974258 3771133926606
5709337555777 5717401195674 5720413003745
3165358052350 3165070426432 3164332817368
1561779144948 1564327281774 1565385113608
1579628089678 1578889069900 1579168242466
3382711112406 3377956477989 3378457467237
1206246935258 1210004703233 1209614727034
2820433292032 2820799100238 2820436419900
1393582252461 1394709407769 1395134008192
6651540839089 6651802759160 6645133722411
6054809509923 6052032581231 6055379937376
2758787728167 2756990480794 2761741685636
5510529647034 5508210988706 5508891785382
1398040007334 1394928816596 1400145510028
1085273970111 1086732283324 1086225598209
742756470790 743768070538 744305797352
3916344427776 3919714081453 3914135145366
1799211373992 1800785082529 1798754656889
6172200886184 6165962209196 6171355736016
67903004569812 67944506737774 67933043673121
462301934176488 462267276734652 462301985251026
120074678031947 120104095740496 120130777326052
520619344894087 520613816983673 520679309462825
699100625128 697566048458 698111629356
29747933085 30024174487 30136698219
364806819624257 364807608943963 364822142106108
1360827972710 1365973911825 1359327530794
162975874626762 162935228715549 162949240362027
45671253399831 45654613643113 45637101361059
