6014
237
736
507
920
229
404
712
227
140
934
647
774
498
983
572
727
760
190
703
14
376
854
275
698
10
770
476
139
625
232
413
331
383
347
688
377
71
309
657
675
945
175
330
657
897
832
498
965
702
179
802
376
980
894
957
321
811
807
620
75
498
355
640
620
393
857
182
512
665
32
60
869
64
948
635
983
230
980
931
144
137
810
988
99
824
467
582
605
20
679
56
375
680
65
648
387
950
990
192
521
634
417
702
103
745
479
583
162
537
591
498
909
701
494
465
247
415
74
729
833
133
82
476
844
386
93
246
264
909
268
697
805
316
251
896
69
364
545
628
98
244
80
310
408
291
777
331
222
143
548
304
533
613
495
373
332
892
506
823
908
649
620
581
333
282
331
745
343
745
291
283
758
529
90
162
990
772
858
855
511
81
453
807
998
544
931
270
68
21
650
315
446
595
861
286
427
700
583
389
387
567
649
490
336
891
621
429
31
809
448
489
612
930
793
146
508
630
888
960
62
379
520
569
357
438
855
576
811
344
491
701
239
511
914
341
71
8
355
533
662
639
713
225
487
345
354
575
649
917
206
498
535
410
41
814
812
89
859
308
649
796
855
509
255
819
344
243
422
434
187
646
621
483
640
514
405
504
825
815
290
723
954
19
94
8
459
104
951
755
141
916
708
409
532
108
987
986
199
497
788
627
179
868
527
629
847
364
166
257
651
364
491
777
637
210
371
923
123
888
949
588
285
640
326
445
774
925
692
706
837
728
798
468
384
54
416
276
759
652
814
443
463
272
276
879
209
292
179
581
673
603
477
332
50
78
851
158
750
709
633
705
891
760
244
192
200
460
550
198
208
669
153
868
175
929
702
932
949
746
565
84
173
762
804
430
719
734
263
442
343
22
715
671
392
79
934
827
69
311
641
505
907
775
226
510
205
894
954
808
198
859
687
485
955
611
547
618
329
874
76
474
641
775
253
301
743
334
993
228
491
157
764
421
104
696
503
921
580
770
130
749
635
445
984
767
659
795
162
581
213
484
49
398
4
411
829
171
953
89
367
318
517
766
816
93
716
266
453
868
622
931
450
25
806
286
154
779
230
623
486
362
892
571
758
491
628
280
361
926
600
365
360
375
773
632
448
15
639
22
977
498
679
536
814
763
112
585
587
889
311
696
349
408
690
944
386
15
416
362
59
719
541
741
373
95
512
243
247
167
436
432
989
586
782
457
418
548
393
974
914
512
350
956
692
519
425
566
845
457
545
730
474
279
657
897
826
32
510
884
860
10
583
867
38
713
928
868
749
126
101
558
950
749
600
21
337
839
351
888
280
184
374
838
798
397
542
104
538
200
316
719
81
107
542
5
343
709
731
704
678
839
496
811
204
143
216
826
715
116
333
776
263
790
460
447
128
89
53
365
382
853
141
915
692
847
334
193
922
830
576
868
551
405
804
875
141
943
302
795
927
10
865
167
623
125
971
434
543
643
592
263
902
966
676
192
273
373
635
406
275
541
343
986
836
584
289
850
631
175
864
129
271
662
175
249
212
710
678
689
350
671
74
4
923
784
646
888
793
568
653
676
724
555
387
798
976
633
654
725
741
631
903
61
218
761
105
913
42
987
815
316
730
403
644
366
36
56
422
457
543
930
655
464
822
909
17
957
321
54
506
512
937
64
493
993
664
560
319
582
217
847
809
154
142
974
172
708
614
38
915
419
866
601
55
374
715
231
638
597
360
657
605
979
517
139
368
999
49
747
631
468
350
200
441
893
490
523
619
430
689
526
565
375
567
298
171
788
877
754
575
402
788
324
251
897
857
608
961
80
313
805
146
671
845
872
791
988
979
463
854
448
854
535
582
633
863
249
704
215
231
498
563
295
531
185
721
293
16
881
521
833
33
75
871
429
444
385
598
331
57
704
206
691
274
64
77
62
779
814
21
982
430
327
727
959
97
240
56
719
60
611
992
335
313
438
51
635
464
492
667
871
680
252
88
811
369
847
632
599
835
342
323
589
679
265
218
401
388
774
539
790
399
28
112
721
285
440
863
513
130
221
39
343
293
264
302
61
857
329
998
251
575
357
989
207
282
706
646
897
54
373
983
877
452
141
795
916
854
779
255
804
575
822
41
543
800
971
264
585
206
627
331
846
131
776
640
763
88
940
476
803
735
173
231
896
354
320
836
792
357
95
808
91
477
100
182
379
920
762
743
74
105
363
303
540
229
425
350
169
627
1000
842
983
842
380
564
247
929
394
656
412
641
775
337
521
169
617
235
320
665
804
382
696
594
321
449
776
962
472
378
805
751
695
17
424
885
499
71
674
76
601
165
920
270
786
800
27
508
973
108
872
495
834
582
737
665
365
781
503
379
508
176
950
540
455
313
6
868
520
959
133
473
794
993
140
461
766
147
885
602
869
295
120
277
455
912
249
5
612
182
742
478
10
85
601
533
993
90
105
11
409
35
182
948
195
927
227
223
38
487
1000
419
749
827
909
81
250
481
415
568
489
279
972
789
941
522
630
818
259
311
523
407
907
295
953
431
118
9
151
768
785
145
7
725
51
93
83
654
20
988
731
262
815
119
751
641
207
667
540
676
872
370
362
75
791
69
999
288
475
721
415
220
816
360
595
883
948
891
293
862
212
857
471
469
902
151
598
865
836
521
95
645
328
675
177
292
227
258
655
118
906
782
606
381
49
270
910
258
538
785
580
516
90
288
955
55
800
554
511
480
604
474
644
250
932
315
577
938
415
955
751
985
600
333
674
42
270
115
346
726
360
607
889
818
112
84
110
167
691
470
94
70
739
103
747
756
925
451
334
859
781
821
212
824
392
120
354
322
818
170
498
471
105
136
607
143
668
306
340
76
470
129
764
437
40
202
324
82
899
311
940
849
526
233
812
567
252
660
401
989
118
130
632
683
981
243
313
300
471
449
501
89
980
51
256
718
628
210
702
465
898
533
555
192
515
53
808
217
345
721
654
553
499
975
363
404
198
956
127
583
856
651
447
35
92
116
28
729
777
709
627
996
346
599
55
992
956
440
551
955
302
294
465
576
681
866
898
797
71
728
307
765
6
602
510
401
687
431
600
360
793
324
6
719
150
775
71
401
591
192
335
707
486
910
845
348
232
406
618
7
242
444
134
556
408
287
920
841
442
296
878
164
309
625
371
919
489
861
232
141
972
386
335
56
10
57
543
90
962
702
43
17
588
150
850
946
886
107
358
118
701
24
805
759
964
726
118
470
634
633
543
401
41
483
888
735
894
579
739
701
851
348
530
754
799
13
308
899
559
685
2
215
826
47
812
73
729
19
140
102
427
173
134
167
129
260
954
356
510
921
506
535
665
155
372
598
627
354
715
709
342
651
883
799
484
731
417
727
864
740
800
158
803
315
877
146
943
687
129
953
808
163
350
110
756
185
1
324
376
804
274
1
870
215
367
405
286
58
374
372
21
189
521
594
878
615
819
470
163
770
707
426
611
823
486
827
907
955
290
606
492
512
804
811
296
778
303
810
565
962
227
820
525
562
278
634
718
624
704
901
675
163
188
766
922
451
439
677
616
436
922
442
641
1
808
424
981
694
168
501
360
484
936
763
839
831
730
996
833
834
888
996
298
319
690
872
75
424
538
682
676
352
154
214
82
39
154
296
543
35
146
565
171
873
381
450
836
103
579
554
326
857
92
512
309
456
69
472
715
969
72
976
217
867
593
989
687
540
742
366
156
626
17
919
489
66
842
450
445
468
329
262
724
579
662
371
295
754
807
901
249
106
267
333
990
446
294
447
114
39
138
173
400
209
112
957
653
485
988
993
793
541
730
289
382
456
154
682
60
63
202
79
124
478
353
338
821
351
210
396
300
74
609
904
485
507
123
702
365
56
980
467
730
381
619
329
129
847
330
965
887
472
601
761
628
238
782
828
899
978
70
117
607
427
775
998
539
523
786
258
647
247
195
807
493
851
547
232
0
93
90
936
364
309
440
403
994
180
485
725
913
409
127
413
745
886
767
888
215
21
954
394
516
586
48
295
451
855
904
892
367
636
890
238
661
372
319
695
928
232
358
331
945
258
319
45
409
651
890
365
846
439
45
869
165
701
583
126
945
802
990
57
426
454
938
592
343
924
495
526
153
723
428
118
331
328
991
19
36
826
513
786
752
520
692
151
412
342
773
292
284
44
66
841
755
419
490
128
448
80
596
267
8
269
828
915
70
346
427
732
614
89
203
417
617
272
236
148
941
457
634
6
623
429
911
435
773
340
660
170
25
925
329
834
218
337
943
44
104
574
835
889
265
622
298
243
562
766
691
923
423
945
353
745
283
376
349
701
647
834
243
165
69
94
230
204
127
877
635
694
211
418
466
99
797
911
705
122
966
958
531
517
192
709
460
324
255
976
738
817
101
490
598
698
549
420
482
132
932
452
355
781
777
228
444
872
762
135
768
740
678
770
0
811
120
476
608
832
212
420
372
186
664
770
259
712
905
652
932
572
756
994
217
948
561
47
745
74
419
197
82
275
649
647
405
95
779
324
781
385
259
384
356
460
573
568
493
403
822
88
305
195
541
415
955
922
179
317
41
277
912
89
345
54
52
284
541
282
473
445
332
537
520
408
981
549
682
541
806
952
668
493
631
142
846
885
449
863
950
873
323
948
219
170
404
820
334
829
966
86
257
539
135
474
550
346
693
753
481
2
627
338
564
752
370
211
79
392
817
11
702
364
598
858
407
986
106
107
75
515
37
108
427
20
518
678
8
233
433
89
591
185
891
944
330
360
866
112
134
687
294
914
932
957
781
551
331
982
11
209
861
542
750
853
187
25
225
696
320
153
911
373
42
974
574
156
442
455
768
913
934
512
774
270
73
164
488
857
641
899
939
171
552
303
426
980
589
389
849
230
669
587
566
537
492
471
744
666
357
78
927
716
321
41
630
974
274
406
191
733
775
505
906
283
322
669
597
953
294
334
132
239
646
17
778
949
178
244
87
969
892
22
881
216
145
258
25
497
550
100
483
279
593
373
297
839
413
617
950
391
656
149
1
443
176
797
472
728
255
196
280
401
789
18
877
149
213
555
714
812
468
26
509
25
924
786
558
121
884
145
252
58
399
889
630
42
144
706
937
468
667
273
620
922
502
655
333
406
176
376
673
201
488
178
433
674
880
750
700
624
150
707
503
562
643
900
806
202
127
381
106
729
154
809
787
513
6
521
797
237
566
460
852
629
266
523
614
7
339
370
183
272
965
43
360
176
257
366
113
702
743
806
784
402
356
571
490
566
969
791
674
903
339
709
45
273
261
637
100
631
364
557
786
484
750
792
451
121
296
210
634
274
67
717
752
506
198
88
238
823
336
898
82
883
812
694
227
172
456
590
681
646
345
368
255
36
557
429
790
428
896
479
828
301
493
47
173
502
850
193
712
165
581
1
310
698
548
901
431
75
764
35
378
830
256
28
129
545
116
564
910
728
788
664
424
687
406
169
6
853
637
735
811
954
698
581
728
296
860
695
687
662
18
865
544
8
665
830
846
889
341
991
549
526
669
281
576
489
207
527
76
395
351
846
252
401
30
294
850
744
295
698
683
900
425
722
543
844
632
381
306
173
803
259
190
502
618
191
512
41
990
998
780
735
928
675
16
912
711
956
314
456
129
121
493
681
616
888
531
588
777
105
474
289
460
584
579
971
102
9
69
230
598
301
619
942
704
446
642
314
291
31
210
176
529
163
768
907
891
568
244
83
689
252
509
384
502
756
989
951
353
644
512
701
557
475
285
58
881
200
642
712
199
329
947
913
970
332
973
90
565
730
56
345
850
198
591
417
933
196
396
75
841
116
171
960
932
435
720
954
952
431
119
840
786
934
654
31
598
916
733
946
263
832
510
12
47
83
324
38
569
692
611
520
203
52
391
668
206
258
638
288
257
393
512
63
392
471
688
258
484
40
932
9
164
659
22
304
631
569
730
673
582
704
441
101
312
321
269
770
424
754
905
253
750
987
320
451
174
118
518
120
124
638
712
122
973
770
532
828
802
340
264
208
865
405
295
985
728
345
896
129
655
722
729
934
506
713
80
428
95
508
649
205
258
821
465
573
726
690
626
326
781
109
427
338
121
426
436
317
305
212
774
509
235
895
237
268
78
214
998
190
963
93
508
535
344
219
203
928
132
716
130
72
268
738
883
797
283
918
991
650
594
27
790
342
59
781
567
511
49
650
827
82
531
603
967
475
11
17
895
922
621
261
399
779
362
398
605
574
645
548
523
490
969
486
982
995
627
2
18
464
217
639
601
785
776
313
543
945
95
184
1000
231
103
647
908
364
430
490
32
691
309
806
952
919
497
314
701
758
194
279
984
33
470
229
241
930
178
159
651
779
632
916
889
704
900
878
504
732
981
329
106
976
188
856
839
898
925
638
390
133
375
805
744
431
720
938
985
420
809
791
80
18
812
699
866
143
636
156
493
5
675
159
238
118
93
92
589
109
786
502
854
678
696
508
132
928
881
171
687
957
680
271
125
958
259
338
444
720
665
357
907
551
314
990
871
451
595
207
433
688
221
214
557
293
628
548
661
863
870
866
999
950
246
335
84
754
12
908
790
506
181
554
173
325
987
96
55
598
96
565
565
0
290
587
576
528
119
131
330
611
523
591
557
117
739
371
124
644
510
69
488
679
424
571
414
264
599
651
679
992
818
644
899
177
273
512
33
161
964
106
628
674
190
189
196
163
979
641
397
725
492
755
987
546
117
654
195
858
176
957
759
551
351
582
581
277
839
420
746
161
759
482
406
633
778
303
808
775
136
752
119
118
93
258
933
193
663
247
43
104
662
283
27
771
592
657
45
922
507
891
710
230
195
246
83
0
550
846
738
220
389
232
301
580
257
460
311
449
75
762
435
679
284
954
987
631
520
806
992
974
885
444
976
93
960
94
985
652
264
863
893
997
84
125
407
586
238
295
519
168
783
319
822
210
274
600
113
229
179
381
699
338
211
530
170
390
434
463
125
826
597
352
771
418
966
631
772
671
272
41
860
1000
450
624
102
615
742
772
667
780
188
872
296
268
293
484
4
8
442
778
98
960
540
857
582
738
436
801
908
650
756
184
100
548
126
540
378
709
550
736
994
332
346
485
573
793
465
25
688
59
886
408
808
515
640
197
667
832
935
809
930
749
30
830
773
155
849
787
340
292
125
990
675
226
523
126
658
736
990
362
582
684
797
942
412
910
8
445
855
285
60
326
293
567
795
605
929
272
843
861
885
491
546
57
107
902
448
912
144
822
670
378
494
969
833
335
1000
821
924
401
110
903
407
241
339
199
683
844
187
270
650
703
899
95
682
580
957
471
92
95
711
403
426
434
513
923
275
96
761
189
149
753
739
841
575
468
815
817
160
461
685
124
135
420
311
753
216
120
518
164
209
862
731
873
1000
41
396
817
309
364
646
15
868
69
205
473
327
46
967
465
962
834
409
935
407
972
95
394
401
608
76
921
655
754
955
182
31
525
92
310
912
693
410
829
383
158
741
930
939
650
872
233
729
118
991
997
601
511
46
769
45
742
164
867
704
769
548
44
286
207
119
138
352
412
359
522
862
712
944
781
208
9
13
765
66
886
269
649
327
189
291
290
579
885
333
172
222
260
759
238
394
445
597
559
89
437
535
697
927
285
920
369
434
464
945
973
742
348
660
739
937
206
476
488
102
250
918
641
76
527
605
836
164
70
414
241
461
637
232
454
626
327
134
799
168
33
372
977
354
780
228
999
443
577
780
964
588
707
933
21
482
447
280
950
308
323
238
884
914
140
441
221
274
632
434
619
212
864
678
249
451
797
128
473
239
370
549
170
19
88
225
971
275
411
165
21
827
507
851
837
381
652
187
79
292
734
40
904
498
443
574
670
698
962
206
411
324
16
715
629
724
926
189
411
881
104
756
184
817
269
874
666
64
491
396
348
866
999
459
756
112
901
374
101
309
292
602
550
845
17
17
48
574
682
42
110
825
615
427
913
477
475
312
435
154
198
197
437
697
284
805
111
890
508
524
543
538
556
880
41
265
507
866
406
835
374
477
670
287
367
430
21
654
272
56
70
465
726
695
451
792
587
946
17
354
93
442
446
388
770
446
668
874
292
234
149
447
480
884
276
149
490
439
996
720
47
956
798
254
391
879
160
578
447
353
212
777
611
134
773
6
496
667
670
949
498
571
936
731
960
281
319
696
349
186
726
936
998
981
854
891
75
528
451
780
167
171
105
644
449
185
943
678
812
846
318
458
321
759
1
633
927
18
632
483
530
418
663
269
277
90
433
437
520
528
122
810
293
625
968
440
216
768
68
647
636
765
312
149
232
733
852
419
50
69
995
973
702
802
864
644
305
771
398
794
356
395
925
692
878
19
663
542
961
178
746
853
544
516
551
706
736
235
646
602
130
684
107
190
965
927
516
289
958
108
799
971
614
271
179
961
983
300
823
424
996
876
699
255
110
22
781
681
385
21
982
14
628
21
852
39
156
671
557
331
706
488
213
640
639
228
850
681
246
618
563
816
65
9
462
79
996
97
646
774
292
770
926
57
421
285
138
401
418
101
155
583
224
832
355
631
556
654
226
844
540
671
115
784
334
557
713
93
699
856
310
889
540
253
56
649
376
705
449
661
208
285
654
100
539
666
27
791
491
69
443
405
745
76
495
158
352
104
373
148
109
967
382
28
506
412
650
250
53
170
130
444
671
192
926
806
709
982
940
754
783
257
514
936
93
908
437
889
377
412
172
999
348
798
886
814
278
874
102
910
439
476
198
590
802
895
989
758
967
559
351
536
691
923
438
315
570
682
83
420
159
569
746
762
759
735
336
664
246
305
731
655
130
392
540
690
716
541
150
347
268
439
804
137
274
318
945
686
675
791
545
806
25
995
276
847
546
645
478
632
766
885
964
904
945
546
842
394
549
927
430
209
771
18
170
359
625
69
881
711
395
885
548
531
711
291
553
460
587
681
160
485
592
976
39
753
62
989
392
310
501
870
0
227
387
560
70
939
392
585
878
504
519
863
488
441
355
296
536
753
917
183
663
408
402
122
615
723
919
534
817
1
290
759
261
780
637
624
694
770
230
447
894
589
257
612
355
559
80
31
389
238
211
466
163
646
170
699
942
996
126
682
450
246
169
448
103
769
217
972
319
153
517
411
772
891
787
509
230
449
208
553
117
500
787
161
618
111
248
717
905
508
148
992
507
262
696
433
584
57
347
408
340
369
773
910
570
664
220
842
121
555
892
859
615
221
144
924
516
896
162
616
56
5
767
814
111
867
574
865
434
464
404
767
577
379
135
829
805
414
737
855
71
239
924
215
413
331
882
206
281
281
898
578
293
506
353
841
333
39
191
142
63
500
233
411
253
932
914
90
67
830
762
28
612
158
75
951
544
779
813
104
966
29
448
476
734
133
355
795
177
891
595
875
955
645
482
466
279
491
791
939
327
879
7
103
209
803
35
561
579
389
667
720
465
129
647
676
910
186
108
553
711
816
527
336
205
344
907
413
967
713
481
945
282
500
125
324
698
305
8
473
918
361
501
16
924
372
828
285
330
18
755
358
62
423
588
847
560
686
529
982
133
677
924
325
729
845
10
629
453
343
989
144
586
271
522
202
568
766
406
390
543
318
30
873
677
602
3
768
230
18
376
496
146
956
253
680
60
469
154
165
78
379
80
340
517
691
651
405
371
642
21
557
451
586
228
428
178
841
406
32
572
360
278
682
895
868
213
170
74
646
913
806
394
402
116
138
252
817
595
816
698
456
659
431
592
229
1000
779
646
626
937
739
332
953
859
343
640
234
30
400
320
587
225
994
319
515
1
818
360
55
353
791
77
854
779
540
554
588
852
998
828
342
786
876
989
833
175
765
703
837
311
603
60
50
811
329
854
855
479
73
303
381
794
768
179
383
879
106
240
326
861
543
636
816
905
529
130
241
426
332
865
568
641
961
359
602
286
835
169
789
400
963
168
674
863
778
79
150
489
286
262
14
652
901
696
838
675
658
118
142
160
441
172
337
249
658
620
340
984
879
515
313
150
321
279
268
245
652
802
516
567
549
159
778
818
902
158
195
19
775
703
89
251
361
448
158
74
996
158
633
818
465
966
244
803
453
637
694
335
125
329
587
227
101
728
294
269
469
827
532
343
471
561
355
470
110
196
708
294
985
673
960
270
717
25
920
76
66
502
387
881
398
949
740
299
858
889
734
131
750
474
184
79
829
58
7
517
155
442
593
94
372
807
603
414
360
606
834
818
951
107
90
3
694
498
2
821
223
311
600
939
263
153
743
365
780
36
72
319
688
35
153
813
696
590
831
57
266
545
198
773
702
588
431
924
657
994
353
159
888
484
637
395
788
59
210
354
963
560
982
304
256
997
917
673
295
696
63
113
417
142
547
294
563
124
722
806
103
178
619
836
489
219
479
839
0
171
253
172
937
364
637
365
975
189
159
63
714
682
635
808
532
103
439
957
795
541
58
981
646
230
558
799
470
933
422
135
428
445
432
566
161
969
156
284
850
794
709
893
794
575
469
113
818
321
556
261
548
969
67
184
909
972
268
713
174
729
599
250
96
218
523
764
956
739
270
915
891
843
894
363
200
332
434
18
376
216
6
764
464
721
521
591
630
336
975
15
854
551
749
226
562
488
616
550
444
842
108
950
366
22
566
462
112
19
625
757
416
195
245
278
142
103
814
693
436
566
182
698
212
639
341
826
330
203
992
809
103
224
786
541
762
953
486
85
251
9
508
22
453
4
625
509
717
753
365
165
571
969
17
800
562
905
593
599
59
115
140
143
40
239
605
117
611
675
741
576
575
722
876
850
378
931
543
54
122
471
66
339
536
725
726
648
991
527
40
135
823
612
979
346
354
410
297
832
761
16
634
643
576
26
136
189
295
377
981
644
232
746
674
602
932
658
237
149
876
808
176
1
230
272
172
896
686
560
789
747
1000
343
161
788
373
328
648
666
450
317
97
976
677
413
703
597
546
384
165
154
309
521
434
480
380
97
345
398
447
698
575
948
16
873
304
640
716
110
141
266
984
621
89
804
461
800
672
751
486
588
251
5
263
559
838
262
173
431
800
11
773
722
4
469
718
871
499
592
488
9
634
130
168
131
678
973
617
663
56
942
122
885
392
207
393
449
161
226
624
863
698
838
837
227
867
973
194
540
744
413
356
199
677
10
231
95
393
315
918
511
790
626
836
961
123
614
260
533
947
966
616
81
853
288
644
918
727
377
212
359
679
792
471
877
747
419
971
238
396
277
660
132
390
891
390
805
15
25
501
611
686
785
879
623
24
593
405
447
300
558
788
25
494
672
533
67
59
676
609
976
264
708
587
3
872
275
216
889
224
350
914
438
946
625
843
478
219
636
622
961
618
888
145
766
646
363
422
764
545
644
462
40
724
210
388
611
78
269
2
427
322
364
827
740
839
611
270
575
659
571
775
847
690
98
538
60
400
484
778
689
827
738
701
544
379
61
355
625
855
310
474
913
978
217
974
143
786
558
679
531
978
760
861
167
777
423
647
559
365
994
637
549
215
880
229
652
77
226
835
729
315
455
345
648
848
215
987
420
239
974
45
625
235
537
576
310
34
2
580
473
213
539
926
253
183
483
943
316
386
109
975
563
897
369
237
240
287
410
436
576
366
761
832
189
57
764
219
553
501
288
351
834
171
59
673
39
843
432
298
843
466
707
217
679
600
148
428
118
941
490
907
804
341
212
671
490
568
965
230
183
628
686
325
728
163
278
52
790
682
474
983
821
709
135
758
398
458
663
788
12
30
556
126
531
856
728
241
549
838
963
549
431
303
747
312
467
934
321
893
541
271
154
706
123
346
10
206
949
110
830
38
135
27
621
226
277
84
819
32
280
808
893
420
970
867
23
413
853
693
599
690
421
41
45
638
191
261
489
373
857
971
345
453
710
530
936
452
759
635
780
734
28
916
93
312
849
313
68
383
798
361
735
415
930
53
251
998
273
969
887
10
375
775
192
594
776
170
997
526
403
696
236
745
196
407
616
88
990
858
478
281
206
43
886
492
582
928
456
368
976
737
894
657
910
995
24
279
734
161
835
679
185
267
172
4
18
812
129
77
282
90
738
392
389
296
996
72
539
126
320
408
890
32
535
27
509
466
367
402
996
792
312
412
505
894
814
499
101
254
288
631
777
582
567
297
331
257
968
131
191
321
612
576
190
847
287
606
822
454
440
634
268
594
97
777
155
487
558
964
770
541
275
167
422
266
214
831
172
647
550
301
17
106
180
759
73
424
13
210
3
720
745
426
161
348
581
486
430
946
647
864
139
146
572
673
351
903
480
482
505
169
552
311
931
648
503
478
712
620
51
829
985
456
879
155
156
69
134
302
286
499
668
239
350
0
816
625
564
397
867
257
582
409
803
676
536
549
706
2
553
269
568
839
18
678
303
962
964
467
642
402
575
149
949
296
838
515
964
209
579
963
782
92
618
868
975
197
801
395
679
520
859
673
653
999
674
394
873
566
440
278
958
515
522
243
875
990
247
538
917
628
552
95
203
501
551
982
520
80
748
448
432
161
224
366
806
871
556
410
983
380
325
300
562
461
585
6
384
891
953
974
685
282
599
439
814
932
178
540
995
518
231
83
957
176
212
161
598
673
359
517
905
712
172
160
606
22
913
868
314
137
296
566
865
141
803
813
137
134
394
302
183
946
100
510
746
640
909
125
505
0
546
293
178
172
974
658
696
666
723
311
251
0
678
845
413
280
944
529
130
317
698
207
945
254
369
63
428
542
340
667
139
720
240
35
480
70
355
166
804
396
527
137
27
117
594
662
632
618
18
706
340
730
536
461
708
277
965
787
434
3
74
445
380
598
568
643
312
678
137
603
494
646
314
362
799
0
286
728
900
282
278
41
65
221
461
455
755
549
307
860
439
161
552
52
251
218
8
156
29
243
3
788
212
482
662
282
174
795
663
755
610
17
766
328
361
884
860
463
727
266
636
422
436
307
833
526
552
843
775
788
611
890
845
325
489
907
243
180
868
3
52
317
83
206
707
461
930
514
807
585
343
6
350
579
910
244
692
630
316
857
896
603
432
973
813
923
17
142
998
850
836
217
486
950
701
202
822
994
918
587
622
847
649
176
374
176
441
600
739
454
575
368
998
661
921
626
396
195
383
823
503
331
627
169
930
839
609
540
240
408
421
701
280
300
898
845
120
761
71
305
572
22
27
302
134
368
34
108
825
471
990
814
647
386
568
426
650
307
573
922
838
823
923
584
520
249
106
718
977
583
311
622
797
544
239
148
993
391
937
151
489
65
326
809
94
230
478
840
316
785
353
310
275
375
935
794
927
576
653
542
964
167
19
728
713
574
795
734
216
851
359
67
338
779
575
471
558
793
269
306
401
661
691
155
655
687
807
603
40
231
500
963
825
718
109
573
118
284
191
649
490
395
179
732
339
523
745
890
815
946
807
56
672
514
523
803
601
205
226
934
575
100
354
164
73
211
82
21
413
163
656
842
348
461
877
681
490
863
597
146
14
97
395
317
976
693
593
864
852
306
143
392
122
101
306
823
522
235
205
388
427
307
492
189
663
800
726
M 1933 5360
M 2033 4839
S 1886 476
M 154 560
M 692 2468
M 2002 5228
S 1765 60
S 2092 505
S 3542 73
S 3008 407
M 3283 4819
END
0
