1
50 50
0 500
1 248
1 14
2 180
2 237
3 398
3 110
4 442
4 270
5 257
5 427
6 310
6 499
7 257
7 408
8 238
8 407
9 270
9 320
10 285
10 398
11 421
11 65
12 443
12 129
13 154
13 331
14 237
14 105
15 443
15 339
16 83
16 190
17 204
17 262
18 278
18 453
19 223
19 71
20 223
20 479
21 497
21 384
22 477
22 253
23 291
23 66
24 160
24 61
25 385
2 46
2 7
1 2
2 15
1 25
1 28
1 3
2 18
1 47
1 38
2 47
2 16
2 46
1 24
2 29
2 48
2 45
2 37
1 41
1 34
1 24
2 32
1 30
2 44
1 25
1 44
1 49
2 2
2 31
1 7
2 13
2 37
1 7
1 7
2 28
1 18
1 5
2 26
1 1
2 13
2 2
2 46
2 17
1 47
1 27
1 7
1 6
1 48
1 20
1 15
