Case 1:
68
353
261
70
375
2631
3408
187
249
247
243
206
2468
432
112
116
248
227
261
103
58
492
291
271
397
182
220
206
338
402
438
307
417
140
270
2243
421
213
237
332
310
192
94
2746
239
198
2768
456
79
217
139
2996
81
3433
488
4014
109
326
165
201
435
66
248
89
91
417
316
149
288
333
205
440
112
482
3925
170
461
498
299
28156
412
41
106
465
106
342
114
13
230
281
475
359
214
490
268
2500
455
77
189
432
14
222
210
259
171
175
373
204
266
197
176
417
26
152
295
86
456
215
465
2221
1700
451
210
342
467
2903
421
69
168
476
232
488
28307
2565
3194
356
26
65
372
2743
46
178
129
233
417
65
428
74
359
127
381
135
74
2
160
194
101
171
202
156
144
164
293
1791
278
123
391
475
75
352
69
4
250
2263
2231
266
298
483
49
4165
25351
134
53
460
85
2568
488
395
97
312
1260
397
2656
28
489
371
338
312
201
42
177
347
220
243
316
121
49
27
70
474
92
103
173
3491
186
85
433
154
259
470
489
353
430
398
127
301
462
430
419
205
430
42
358
421
61
391
26
492
159
290
403
430
142
44
216
473
334
170
2523
207
26
328
275
21
278
346
128
11
39
156
215
264
480
139
404
143
53
386
88
44
2570
40
72
82
70
476
455
329
60
2
298
104
37
364
27866
393
173
346
227
63
399
2359
415
128
351
308
457
433
24
100
145
370
403
217
3
197
81
175
303
207
399
170
431
78
132
319
349
178
210
340
407
164
3427
279
183
490
405
376
399
347
73
22
43
243
78
408
178
304
301
429
147
88
310
462
2632
91
182
127
3380
406
27
132
320
55
115
335
1
334
345
199
3174
425
287
482
438
487
360
82
149
395
149
30
38
320
27986
500
254
235
407
477
300
190
219
2491
286
30
354
229
34
242
161
154
287
404
24
9
146
14
217
351
440
479
120
223
229
142
62
2281
493
405
161
169
437
422
137
6
380
142
444
32
412
372
72
214
86
339
435
245
342
62
22
488
205
105
484
440
177
286
54
397
78
118
289
291
393
366
219
404
174
138
43
3334
257
228
359
168
334
416
473
389
226
89
192
222
96
3019
428
414
2550
76
355
16
295
483
323
158
458
348
279
198
35
34
282
249
163
72
190
480
289
316
500
378
181
439
43
2353
251
454
372
491
127
326
33
2304
157
304
26772
58
223
23
324
28875
114
160
36
2043
134
127
20
234
404
314
335
184
429
43
20
241
494
492
299
2967
350
49
253
2978
325
226
334
213
141
340
367
220
9
2407
384
2334
25
73
286
3201
144
10
114
145
163
337
231
37
2525
102
315
382
53
39
218
126
244
189
306
269
147
433
495
35
444
3104
54
75
499
2994
437
2468
315
322
2452
410
420
32
92
133
151
173
374
134
162
3347
247
215
19
132
2815
457
246
304
264
495
441
3510
192
212
330
332
500
218
457
126
345
328
16
181
366
122
164
3
473
263
92
3264
449
204
369
2972
97
2
296
2770
470
469
2958
264
26
3097
121
459
50
184
296
283
34
195
410
477
417
228
323
96
356
296
397
55
238
249
24
3293
413
459
226
292
9
70
352
128
31229
199
469
322
70
295
2798
405
489
73
83
148
149
418
417
339
305
268
121
51
189
28537
113
381
301
356
440
417
180
246
327
357
405
339
402
327
267
382
7
412
316
281
463
3
292
195
171
2146
419
14
104
35
39
51
153
328
41
233
234
28890
461
2679
255
2234
151
215
318
396
28186
67
219
230
289
226
378
292
435
146
481
37
115
5
76
147
33
3340
3350
199
36
2719
362
2002
3742
133
342
2762
206
361
90
2436
155
22
355
108
139
329
13
330
366
392
297
168
2551
193
238
364
3145
181
64
177
275
322
143
155
47
123
3581
186
179
306
294
214
389
274
314
48
430
3181
120
228
277
33
76
2452
373
211
143
183
164
2877
33
73
449
88
2009
309
462
494
72
88
452
156
60
163
237
130
27934
447
374
221
451
306
28192
382
2463
346
271
460
219
198
366
116
442
463
246
541
142
331
434
282
197
243
2750
367
113
444
169
195
2494
646
462
102
415
273
85
217
1869
60
386
1848
173
232
93
449
284
124
2183
54
31
355
70
16
3239
186
2643
107
343
331
472
390
188
21
119
257
2618
173
170
2285
3418
165
427
293
4215
388
487
235
72
410
28595
71
28
375
183
434
154
150
493
310
395
229
145
156
192
434
2
91
287
167
200
173
2013
191
472
120
423
262
285
284
298
24870
272
428
12
461
394
385
378
52
124
405
44
250
499
556
206
358
10
3925
497
499
331
49
335
315
335
423
2134
103
102
321
394
370
268
61
315
28228
375
400
485
3027
314
44
225
327
192
469
159
402
139
390
195
425
453
361
424
67
28
281
386
2
23
101
42
2936
444
247
7
246
424
275
3811
12
436
97
169
400
420
3379
357
170
321
326
88
312
2419
140
78
3157
465
407
108
336
259
42
186
46
251
306
340
16
123
72
466
201
295
222
425
3331
439
2230
44
26409
2599
390
466
468
211
370
3491
257
92
222
2780
40
54
448
377
198
3355
51
75
160
493
233
98
30142
181
368
172
15
182
54
161
378
431
2381
371
325
257
261
3129
174
3568
221
148
457
339
269
47
478
254
3836
454
330
259
109
100
16
80
191
338
346
251
56
31
369
208
462
153
491
474
467
151
404
460
187
2874
378
56
83
493
351
219
406
265
2172
18
424
438
397
31
253
10
275
179
202
230
382
55
66
159
26
197
149
2719
372
347
241
2876
200
420
3473
298
281
20
390
390
413
63
229
51
305
300
250
136
484
62
391
277
211
68
17
421
26011
213
418
382
229
403
484
3284
116
106
499
319
60
461
103
311
404
325
348
395
398
471
300
145
3
349
81
122
421
355
116
194
98
488
3056
266
407
477
265
250
386
396
460
2893
392
414
146
462
1915
82
205
2308
433
117
499
130
219
242
235
446
312
180
2279
453
5
451
294
271
478
2922
141
182
125
109
221
24521
3033
336
41
2
117
242
177
76
424
364
104
298
160
378
178
258
147
27
390
180
495
439
424
140
144
380
493
2456
151
157
458
293
35
73
233
192
63
67
142
379
188
60
444
3006
144
180
498
111
26
352
101
2591
2531
245
198
153
28
147
490
2644
2854
459
357
57
3289
398
370
243
37
349
156
482
104
105
69
433
330
2566
27
232
143
429
40
165
338
224
424
331
268
27385
51
172
492
2025
388
413
495
219
326
448
357
381
468
368
366
229
394
341
94
365
298
253
379
366
215
298
267
948
495
82
77
109
497
473
196
396
2578
258
161
44
207
2772
19
406
341
497
64
457
269
371
236
341
436
116
206
98
364
3385
440
241
166
238
106
471
28535
472
134
86
89
437
366
2595
361
85
494
252
216
1
311
444
11
164
361
73
82
22
430
35
77
72
152
12
243
3
77
64
165
431
29
225
2688
169
228
51
225
459
215
476
423
374
65
54
196
357
72
123
3468
225
438
10
339
2880
293
51
372
82
450
201
100
27856
70
181
430
384
111
363
144
476
489
2041
2699
449
361
489
380
186
379
169
251
412
346
195
206
440
180
102
475
436
400
2764
391
132
306
240
366
120
153
976
231
124
236
130
332
477
323
98
165
7
346
392
359
442
103
151
2553
2838
120
303
116
286
360
437
438
334
170
2975
2227
192
370
334
331
76
24877
282
347
2535
82
74
162
260
2662
264
290
180
354
2452
29
454
79
191
24930
248
39
394
143
320
26605
12
223
136
317
77
109
3
489
374
491
447
292
154
290
3060
28789
55
276
297
11
2552
411
169
35
363
402
257
469
368
263
44
118
452
470
87
145
138
58
2
241
79
177
2154
154
2539
40
291
432
14
196
242
263
252
409
2
3369
295
206
452
460
226
312
480
194
8
98
349
363
2725
188
204
132
249
458
227
309
242
463
160
237
306
304
260
2125
486
318
298
361
457
170
326
255
218
217
415
453
399
208
135
399
370
317
308
360
2
332
114
202
498
237
459
93
442
152
446
425
186
212
81
2847
2084
364
90
104
51
253
145
407
92
18
107
254
469
342
496
416
71
565
180
2948
21
477
238
454
457
305
70
346
300
298
71
250
477
300
100
1260
332
69
67
350
29916
34
131
439
26
339
73
2561
52
287
67
194
29162
3190
478
369
213
2560
476
224
161
3296
738
405
209
112
63
394
319
459
397
323
3161
188
118
88
127
97
252
28983
298
426
222
2869
336
412
422
44
3461
103
496
493
128
262
2309
409
413
395
170
296
317
272
29062
84
452
2683
380
191
402
36
367
188
341
135
47
293
79
113
2632
447
412
52
115
53
159
227
483
487
355
349
240
235
367
418
373
3323
84
328
375
69
289
3120
2430
26585
274
175
473
134
142
80
362
180
282
367
2353
335
2807
113
240
32168
72
490
292
174
369
148
30
323
375
317
482
380
270
188
157
184
472
97
131
285
493
2405
201
234
484
126
161
16
2996
358
342
188
319
445
287
329
461
345
429
368
404
87
346
464
413
250
55
3411
34
2200
451
3570
238
229
139
246
387
280
165
456
452
106
483
106
253
50
279
79
117
472
427
239
2306
120
495
6
329
67
159
279
198
404
87
390
311
383
179
94
331
408
446
332
117
297
495
440
436
186
107
473
218
2658
2594
60
245
385
204
189
69
215
4353
205
29
204
434
57
179
188
246
490
432
224
181
264
337
453
205
388
77
18
268
3585
2970
141
53
472
318
117
173
249
436
3593
366
53
432
17
296
2213
54
235
500
65
380
313
425
113
261
338
327
3705
236
72
493
479
7
460
416
272
215
196
494
379
2263
437
221
242
348
236
424
195
285
5
495
88
454
333
261
42
447
384
405
316
218
136
246
205
2447
186
32
395
264
408
406
411
53
407
387
374
104
338
30
143
333
105
1681
29781
199
118
483
295
218
337
422
164
127
68
276
401
462
257
2822
383
224
374
402
109
360
57
107
89
463
201
412
2503
339
3792
391
280
212
452
379
171
140
84
435
308
239
129
69
434
448
251
86
159
213
680
480
812
23
316
221
100
384
238
318
194
55
72
79
452
347
293
49
358
329
35
337
439
316
280
465
268
453
3240
212
373
457
125
283
398
330
475
308
378
430
392
370
79
330
246
2185
187
153
140
481
412
481
435
108
311
446
299
71
388
236
330
267
321
340
2433
388
315
434
186
335
327
176
359
178
378
265
356
89
217
422
169
3600
5
12
190
342
30540
415
204
3389
333
85
122
348
42
247
31
362
59
185
336
22
7
266
216
10
345
310
462
95
15
461
24
479
141
2433
363
24
474
78
199
336
2946
108
193
302
398
299
407
478
443
321
194
332
45
124
223
159
437
59
304
332
188
118
882
119
164
111
38
214
408
25
412
28
208
181
29459
106
3171
479
121
346
119
49
248
208
29805
348
195
416
270
401
4
60
188
2547
290
144
191
338
77
451
370
408
14
130
367
79
365
253
29
82
28192
255
195
3043
499
92
1392
164
301
46
25
375
15
317
430
361
491
466
249
225
425
363
110
67
2214
32041
243
328
498
230
417
236
186
2717
425
322
340
493
143
148
428
3226
424
343
426
169
213
462
334
424
422
420
51
67
403
474
485
484
425
4001
65
329
2939
408
277
171
224
74
279946
76
122
247
76
420
3867
391
371
33
243
477
409
484
177
328
105
311
33
3452
404
3210
192
450
360
204
206
2892
3298
142
471
315
355
467
272
220
96
179
487
233
71
322
430
301
77
476
112
29
43
199
467
2518
24
35
2769
2758
197
321
311
268
346
389
399
19
365
141
3787
210
421
264
50
194
5
19
132
2293
192
758
3039
73
223
88
248
2568
486
219
311
486
44
230
204
91
430
289
240
355
89
482
104
185
117
163
3571
118
471
361
168
101
53
134
473
196
173
2804
178
441
421
3379
345
112
495
164
30524
79
327
363
48
209
435
156
296
74
311
2809
390
161
3266
2759
408
146
493
344
436
34
319
180
483
81
421
506
46
43
356
183
274
54
804
389
414
336
58
288
179
2524
17
83
472
2535
357
265
316
139
494
185
43
425
490
347
291
335
2656
140
15
437
